AA 14 07 10 01 AC 04 AA 14 16 40 00 B6 10 48 01 00 00 00 00 00 00 3A EB ED FA 05 BC 78
AA 14 16 40 00 DA 4F A4 01 00 00 00 00 00 00 3A 6B ED FA 07 63 FA
AA 14 16 40 00 DE 88 CC 01 00 00 00 00 00 00 3B 83
12 6F 05 D9 6A
AA 14 16 40 00
E2 C2 94 01 00 00 00 00 00 00 3B 03 12 6F 05 13 0E
AA 14 16 40 00 E6 FC 48 01 00 00 00 00 00 00 3B 16 BB 99 05 CE 7F
AA 14 16 40 00 EB 36 04 01 00 00 00 00 00 00 3A 83 12 6F 05 67 96
AA 14 16 40 00 EF 6F B8 01 00 00 00 00 00 00 3B 03 12 6F 05 BE 2F
AA 14 16 40 00 F3 47 D0 01 00 00 00 00 00 00 3A 03 12 6F 05 96
5A
AA 14 16 40 00 F6 5A B0 01 00 00 00 00 00 00 3B DE D2 89 05 B0 FE
AA 14 16 40 00 FA 93 F0 01 00 00 00 00 00 00 3A 90 2D E0 05 5E 4C
AA 14 16 40 00 FE CD AC 01 00 00 00 00 00 00 B9 51 B7 17 05 36 0D
AA 14 16 40 01 03 07 68 01 00 00 00 00 00 00 3B AD AB 9F 05 89 AA
AA 14 16 40 01 06 DF 6C
01 00 00 00 00 00 00 3B A0 90 2E 05 ED 90
AA 14 16 40 01 09 F2 40 01 00 00 00 00 00 00 BB 79 09 6C 05 5B AA
AA 14 16 40 01 0E 2B 7C 01 00 00 00 00 00 00 39 51 B7 17 05 D1 AD
AA 14 16 40 01 12 65 30 01 00 00 00 00 00 00 B9 D1 B7 17 05 1F 7D
AA 14 16 40 01 16 3D 40 01 00 00 00 00 00 00 3A 51 B7 17 05 C7 8A
AA 14 16 40 01 19 50 10 01 00 00 00 00 00 00 3A B7 80 34 05 6F E2
AA 14 16 40 01 1D 89 4C 01 00 00 00 00 00 00 BB 44 9B A6 05 D7 20
AA 14 16 40 01 21 C2 FC 01 00 00 00 00 00 00 39 D1 B7
17 05 B8 02
AA 14 16 40 01 25 FC B8 01 00 00 00 00 00 00 39 51 B7 17 05 06 42
AA 14 16 40 01 29 D4 C4 01 00 00 00 00 00 00 BB 23 D7 0A 05 41 D0
AA 14 16 40 01 2C E7 98 01 00 00 00 00 00 00 BB 58 44 D0 05 D3 1A
AA 14 16 40 01 31 20 D0 01 00 00 00 00 00 00 BA 90 2D E0 05 EC 27
AA 14 16 40 01 35 5A 90 01 00 00 00 00 00 00 39 D1 B7 17 05 20 7A
AA 14 16 40 01 39 32 A0 01 00 00 00 00 00 00 BA B7 80 34 05 0D F2
AA 14 16 40 01 3C 45 70 01 00 00 00 00 00 00 3B B7 80 34 05 7A A6
AA 14 07 10 02 AF 04 AA 14 16 40 01 40 7E D4 02 00 00 00 00 00 00 3A D1 B7 17 05 07 48
AA 14 16 40 01 64 BE E0 02 00 00 00 00 00 00 3B E8 A7 1E 07 F7 4B
AA 14 16 40 01 68 FB 90 02 00 00 00 00 00 00
3A C4 9B A6 05 26 08
AA 14 16 40 01 6D 35 40 02 00 00 00 00 00 00 3A AA 64 C3 05 E3 22
AA 14 16 40 01 71 6E F4 02 00 00 00 00 00 00 3A C4 9B A6 05 B3 75
AA 14 16 40 01 75 A8 AC 02 00 00 00 00 00 00 3B 72 7B B3 05 D6 C8
AA 14 16 40 01 79 80 C4 02 00 00 00 00 00 00 3A EB ED FA 05 2E 3B
AA 14 16 40 01 7C 93 9C 02 00 00 00 00 00 00 BB 23 D7 0A 05 05 DD
AA 14 16 40 01 80 CC C4 02 00 00 00 00 00 00 38 D1 B7 17 05 B5 9A
AA 14 16 40 01 85 06 80 02 00 00 00 00 00 00 3B 16 BB 99 05 36 D4
AA 14 16 40 01 88 DE 84 02 00 00 00 00 00 00 3B 03 12 6F 05 0D 74
AA 14 16 40 01 8B F1 60 02 00 00 00 00 00 00 BB 96 BB 99 05 41 BA
AA 14 16 40 01 90 2A 9C 02 00 00 00 00 00 00 3B 4B 29 5F 05 81 4F
AA 14 16 40 01 94 64 50 02 00 00 00 00 00 00 3A 90 2D E0 05 AB 82
AA 14 16 40 01 98 9E 04 02 00 00 00 00 00 00 BA 51 B7 17 05 67 C0
AA 14 16 40 01 9C 76 18 02 00 00 00 00 00 00 BB A0 90 2E 05 47 FE
AA 14 16 40 01 9F 88 F0 02 00 00 00 00 00 00 3B 58 44 D0 05 BF 41
AA 14 16 40 01 A3 C2 34 02 00 00 00 00 00 00 38 D1 B7 17 05 BB 49
AA 14 16 40 01 A7 FC 08 02 00 00 00 00 00 00 BA F9 09 6C 05 D6 4D
AA 14 16 40 01 AB D4 10 02 00 00 00 00 00 00 39 D1 B7 17 05 AD 64
AA 14 16 40 01 AE E6 E4 02 00 00 00 00 00 00 BA D1 B7 17 05 9F 16
AA 14 07 10 00 AD 04
