AA 14 07 10 01 AC 04 AA 14 16 40 00 45 EA F8 01
00 00 00 00 00 00 3B A7 1D E7 05 17 CA
AA 14 16 40 00 48 FA 04 01 00 00 00 00 00 00 3B 1D 49 52 05 08 6F
AA 14 16 40 00 4D 33 88 01 00 00 00 00 00 00 3A AA 64 C3 05 E7 CA
AA 14 16 40 00 51 6D 0C 01 00 00 00 00 00 00 3B B0 F2 7C 05 1C C5
AA 14 16 40 00 55 A6 8C 01 00 00 00 00 00 00 3B B7 80 34 05 98 33
AA 14 16 40 00 59 7E 6C 01 00 00
00 00 00 00 3A AA 64 C3 05 AA 3A
AA 14 16 40 00 5C 90 88 01 00 00 00 00 00 00 3B 7F 97 24 05 76 29
AA 14 16 40 00 60 CA 08 01 00 00 00 00 00 00 3B 79 09 6C 05 62 0B
AA 14 16 40 00 65 03 94 01 00 00 00 00 00 00 3A F9 09 6C 05 2B 93
AA 14 16 40 00 69 3D 10 01 00 00
00 00 00 00 3B 03 12 6F 05 EC 01
AA 14 16 40 00 6D 14 F4 01 00 00 00 00 00 00 3B D8 44 D0 05 A1 B7
AA 14 16 40 00 70 27 10 01 00 00 00 00 00 00 3B BA C7 11 05 31 CD
AA 14 16 40 00 74 60 94 01 00 00 00 00 00 00 3A 90 2D E0 05 AD A6
AA 14 16 40 00 78 9A 24 01 00 00 00 00 00 00 3B 7F 97 24 05 7C A1
AA 14 16 40 00 7C 72 04 01 00 00 00 00 00 00 3B C7 E2 82 05 8A F0
AA 14 16 40 00 7F 84 24 01 00 00 00 00 00 00 3B E2 19 65 05 BE 28
AA 14 16 40 00 83 BD B4 01 00 00 00 00 00 00 BA AA 64 C3 05 69 B8
AA 14 07 10 02 AF 04
AA 14 16 40 00 87 F7 3C 02 00 00 00 00 00 00 3B 90 2D E0 05 39 FC
AA 14 16 40 00 8C 30 C0 02 00 00 00 00 00 00 3B B7 80 34 05 0D A6
AA 14 16 40 00 90 08 9C 02 00 00 00 00 00 00 3C 0B 43 96 05 2B 22
AA 14 16 40 00 93 1A C4 02 00 00 00 00 00 00 3B BE 0D ED 05 F7 30
AA 14 16 40 00 97 54 54 02 00 00 00 00 00 00 BA 83 12 6F 05 06 3A
AA 14 16 40 00 9B 8D DC 02 00 00 00 00 00 00 3C 4E 70 3B 05 46 5A
AA 14 16 40 00 9F 65 C4 02 00 00 00 00 00 00 40 83 A5 12 05 4A EF AA 14 16 40 00 A2 77 EC 02 00 00 00 00 00 00 41 90 1F 56 05 0F 41
AA 14 16 40 00 A6 B1 78 02 00 00 00 00 00 00 41 D3 64 26 05 FA AA
AA 14 16 40 00 AA EB 0C 02 00 00 00 00 00 00 41 C9 20 5C 05 C0 96
AA 14 16 40 00 AF 24 98 02 00 00 00 00 00 00 40 1E 1E 4F 05 CB 38
AA 14 16 40 00 B2 FC 78 02 00 00 00 00 00 00 3E 3E C5 6D 05 11 60
AA 14 16 40 00 B6 0E 94 02 00 00 00 00 00 00 40 03 45 39 05 8A 76
AA 14 16 40 00 BA 48 1C 02 00 00 00 00 00 00 3F A4 32 CA 05 98 FA
AA 14 16 40 00 BE 81 A0 02 00 00 00 00 00 00 40 48 B2 96 05 E1 BD
AA 14 16 40 00 C2 59 A0 02 00 00 00 00 00 00 3F 9E 1E 4F 05 36 12
AA 14 16 40 00 C5 6B C0 02 00 00 00 00 00 00 3F 1E 56 04 05 CF 3D
AA 14 16 40 00 C9 A5 50 02 00 00 00 00 00 00 3E F4 46 74 05 9B B0
AA 14 16 40 00 CD DE D8 02 00 00 00 00 00 00 3F 04 EA 4B 05 2F 91
AA 14 16 40 00 D2 18 64 02 00 00 00 00 00 00 40 31 77 32 05 A5 D0
AA 14 16 40 00 D5 F0 40 02 00 00 00 00 00 00 40 92 F9 09 05 D5 7D AA 14 16 40 00 D9 02 5C 02 00 00 00 00 00 00 40 E6 B2 96 05 CC 26
AA 14 16 40 00 DD 3B F0 02 00 00 00 00 00 00 41 9F 20 90 05 8A 1D
AA 14 16 40 00 E1 75 74 02 00 00 00 00 00 00 41 EF 46 DC 05 F8 C3
AA 14 16 40 00 E5 4D 50 02 00 00 00 00 00 00 42 02 A1 FF 07 0E 05
AA 14 16 40 00 E8 5F 78 02 00 00 00 00 00 00 42 0B F0 6F 05 85 73
AA 14 16 40 00 EC 98 F8 02 00 00 00 00 00 00 42 12 91 9D 05 A9 96
AA 14 16 40 00 F0 D2 8C 02 00 00 00 00 00 00 42 28 96 F0 05 B4 F9
AA 14 16 40 00 F5 0C 18 02 00 00 00 00 00 00 42 32 3D F4 05 74
C3
AA 14 16 40 00 F8 E3 F0 02 00 00 00 00 00 00 42 2C B4 F1 05 80 AF
AA 14 16 40 00 FB F6 08 02 00 00 00 00 00 00 42 2D 61 96 05 F3 81
AA 14 16 40 01 00 2F 90 02 00 00 00 00 00 00 42 34 F4 88 05 2C 77
AA 14 16 40 01 04 69 20 02 00 00 00 00 00 00 42 28 25 FE 07 00 10
AA 14 16 40 01 08 40 FC 02 00 00 00 00 00 00 42 15 BF 7D 05 97 58
AA 14 16 40 01 0B 53 14 02 00 00 00 00 00 00 42 09 02 5B 05 BE 0E
AA 14 16 40 01 0F 8C A0 02 00 00 00 00 00 00 41 E8 86 8E 05 55 39
AA 14 16 40 01 13 C6 2C 02 00 00 00 00 00 00 41 E1 CE A5 05 3D E1
AA 14 16 40 01 17 FF B8 02 00 00 00 00 00 00 41 DD B4 39 05 A4 0B
AA 14 16 40 01 1B D7 8C 02 00 00 00 00 00 00 41 D4 29 FC 05 40 AE
AA 14 16 40 01 1E E9 B8 02 00 00 00 00 00 00 41 A5 A4 A9 05 5A 12
AA 14 16 40 01 23 23 38 02 00 00 00 00 00 00 41 18 A1 CB 07 4F A8
AA 14 16 40 01 27 5C BC 02 00 00 00 00 00 00 40 6B B4 A2 05 2A 3E
AA 14 16 40 01 2B 34 9C 02 00 00 00 00 00 00 3F 40 83 12 05 D9 5A
AA 14 16 40 01 2E 46 C0 02 00 00 00 00 00 00 3F 1E 83 E4 05 03 03
AA 14 16 40 01 32 80 44 02 00 00 00 00 00 00 3F 4B 92 3A 05 4E 8A
AA 14 16 40 01 36 B9 C4 02 00 00 00 00 00 00 3F 64 F7 66 05 04 6B
AA 14 16 40 01 3A F3 4C 02 00 00 00 00 00 00 3F 46 BB 99 05 93 A3
AA 14 16 40 01 3E CB 30 02 00 00 00 00 00 00 3F 55 FD 8B 05 AA 9D
AA 14 16 40 01 41 DD 50 02 00 00 00 00 00 00 3E 6A B3 68 07 60 CF
AA 14 16 40 01 46 16 DC 02 00 00 00 00 00 00 3B 2A 64 C3 05 40 94
AA 14 16 40 01 4A 50 60 02 00 00 00 00 00 00 3B 1D 49 52 05 A0 09
AA 14 16 40 01 4E 28 38 02 00 00 00 00 00 00 BA D1 B7 17 05 51 2A
AA 14 16 40 01 51 3A 58 02 00 00 00 00 00 00 3B B4 39 58 05 69 5A
AA 14 16 40 01 55 73 E8 02 00 00 00 00 00 00 3A 90 2D E0 05 BC FB
AA 14 16 40 01 59 AD 6C 02 00 00 00 00 00 00 3B B0 F2 7C 05 DE AD
AA 14 16 40 01 5D E7 04 02 00 00 00 00 00 00 3B 5E D2 89 05 8F E1
AA 14 16 40 01 61 BE E0 02 00 00 00 00 00 00 3B F5 C2 8F 05 7B 29 AA 14 16 40 01 64 D0 F8 02 00 00 00 00 00 00 3B 9D 49 52 05 A0 BF
AA 14 16 40 01 69 0A 6C 02 00 00 00 00 00 00 B9 9D 49 52 05 7A A4
AA 14 16 40 01 6D 43 E4 02 00 00 00 00 00 00 3B 23 D7 0A 05 D5 34
AA 14 07 10 00 AD 04
