AA 14 07 10 01 AC 04 AA 14 16 40 00 B0 50 10 01 00 00 00 00 00 00 3B 10 2D E0 05 1D E7
AA 14 07 10 02 AF 04 AA 14 16 40 00 D4 F1 2C 02 00 00 00 00 00 00 BB CB 29 5F 07 DB 39
AA 14 16 40 00 F7 AD EC 02 00 00 00 00 00 00 BB 03 12 6F 07 7F E1
AA 14 16 40 00 FB E7 08 02 00 00 00 00 00 00 BB 37 80 34 05 5A 99
AA 14 16 40 01 00 20 BC 02 00 00 00 00 00 00 BC 1E EC C0 05 41 BD
AA 14 16 40 01 04 5A 6C 02 00 00 00 00 00 00 BB 72 7B B3 05 24 F9
AA 14 16 40 01 08 94 14 02 00 00 00 00 00 00 BB 23 D7 0A 05 02 21
AA 14 16 40 01 0C CD CC 02 00 00 00 00 00 00 BB 3E 0D ED 05 A1 27
AA 14 16 40 01 10 A5 D4 02 00 00 00 00 00 00 BA 03 12 6F 05 76 3D
AA 14 16 40 01 13 B8 B0 02 00 00 00 00 00 00 BB 65 60 42 05 20 29
AA 14 16 40 01 17 F1 F4 02 00 00 00 00 00 00 BA 03 12 6F 05 22 1A
AA 14 16 40 01 1C 2B B4 02 00 00 00 00 00 00 BA EB ED FA 05 85 AE
AA 14 16 40 01 20 65 68 02 00 00 00 00 00 00 BB 23 D7 0A 05 F3 75
AA 14 16 40 01 24 3D 7C 02 00 00 00 00 00 00 3A 03 12 6F 05 EE 21
AA 14 16 40 01 27 50 50 02 00 00 00 00 00 00 BA C4 9B A6 05 8D 07
AA 14 16 40 01 2B 89 84 02 00 00 00 00 00 00 BA 03 12 6F 05 5A 56
AA 14 16 40 01 2F C3 3C 02 00 00 00 00 00 00 BA AA 64 C3 05 15 9C
AA 14 16 40 01 33 9B 44 02 00 00 00 00 00 00 BB 10 2D E0 05 D4 B0 AA 14 16 40 01 36 AE 20 02 00 00 00 00 00 00 B9 D1 B7 17 05 D7 49
AA 14 16 40 01 3A E7 54 02 00 00 00 00 00 00 BA F9 09 6C 05 CD 8C
AA 14 16 40 01 3F 21 1C 02 00 00 00 00 00 00 39 51 B7 17 05 D8 FC
AA 14 16 40 01 43 5A E0 02 00 00 00 00 00 00 BA 83 12 6F 05 09 5A
AA 14 16 40 01 47 32 F8 02 00 00 00 00 00 00 BB 86 59 4B 05 40 0C AA 14 16 40 01 4A 45 D0 02 00 00 00 00 00 00 BB 3E 0D ED 05 29 7D
AA 14 16 40 01 4E 7F 14 02 00 00 00 00 00 00 BA EB ED FA 05 D1 5C
AA 14 16 40 01 52 B8 B8 02 00 00 00 00 00 00 3B 37 80 34 05 04 00
AA 14 16 40 01 56 90 F4 02 00 00 00 00 00 00 BB 1D 49 52 05 60 01
AA 14 16 40 01 59 A3 D4 02 00 00 00 00 00 00 3B 58 44 D0 05 94 A3
AA 14 16 40 01 5D DD 14 02 00 00 00 00 00 00 BB 72 7B B3 05 A3 D8
AA 14 16 40 01 62 16 E4 02 00 00 00 00 00 00 3B 7F 97 24 05 F2 7B
AA 14 16 40 01 66 50 A4 02 00 00 00 00 00 00 BB 9D 49 52 05 20 61
AA 14 16 40 01 6A 28 C8 02 00 00 00 00 00 00 BB AA 64 C3 05 FE 2C
AA 14 16 40 01 6D 3B AC 02 00 00 00 00 00 00 BB 2A 64 C3 05 6D 4F
AA 14 16 40 01 71 74 EC 02 00 00 00 00 00 00 BB 58 44 D0 05 43 33
AA 14 16 40 01 75 AE B8 02 00 00 00 00 00 00 BB 8C E7 04 05 99 C0
AA 14 16 40 01 79 86 D4 02 00 00 00 00 00 00 BB A0 90 2E 05 B7 D7
AA 14 16 40 01 7C 99 AC 02 00 00 00 00 00 00 BA B7 80 34 05 A5 BB
AA 14 16 40 01 80 D2 F8 02 00 00 00 00 00 00 3B 4B 29 5F 05 79 3B
AA 14 16 40 01 85 0C B8 02 00 00 00 00 00 00 B9 D1 B7 17 05 75 62
AA 14 16 40 01 89 46 7C 02 00 00 00 00 00 00 BA 1D 49 52 05 B6 57
AA 14 16 40 01 8D 1E 90 02 00 00 00 00 00 00 BB 10 2D E0 05 51 DA
AA 14 16 40 01 90 31 68 02 00 00 00 00 00 00 BB 8C E7 04 05 06 F5
AA 14 16 40 01 94 6A B4 02 00 00 00 00 00 00 BA D1 B7 17 05 13 7C
AA 14 16 40 01 98 A4 70 02 00 00 00 00 00 00 BB 03 12 6F 05 77 10
AA 14 16 40 01 9C 7C 84 02 00 00 00 00 00 00 BB 30 F2 7C 05 8F 00
AA 14 16 40 01 9F 8F 54 02 00 00 00 00 00 00 BB 4B 29 5F 05 24 08
AA 14 16 40 01 A3 C8 9C 02 00 00 00 00 00 00 B9 D1 B7 17 05 B1 60
AA 14 16 40 01 A8 02 64 02 00 00 00 00 00 00 3B B0 F2 7C 05 71 54
AA 14 16 40 01 AC 3C 18 02 00 00 00 00 00 00 3A 37 80 34 05 80 5F
AA 14 16 40 01 B0 14 34 02 00 00 00 00 00 00 BB 51 B7 17 07 ED DB
AA 14 16 40 01 B3 26 F0 02 00 00 00 00 00 00 B8 D1 B7 17 05 5F 1D
AA 14 16 40 01 B7 60 50 02 00 00 00 00 00 00 BA 6B ED FA 05 4E E1
