4D 4F 54 4F 52 20 43 4F 4E 54 52 4F 4C 20 31 2E 30 2E 30 0A
AA 14 07 10 01 53 FB AA 14 16 40 00 C0 3B E0 01 00 00 43 48 00 00 41 C8 00 00 05 55 B3
AA 14 16 40 00 C3 51 7C 01 00 00 43 48 00 00 41 C8 00 00 05
39 2F
AA 14 16 40 00 C6 66 BC 01 00 00 43 48 00 00 41 C8 00 00 05 62 EF
AA 14 16 40
00 C9 7C 10 01 00 00 43 48 00 00 41 C8 00 00 05 23 43
AA 14 16 40 00 CC 91 28 01 00 00 43 48 00 00 41 C8 00 00 05 8F 7B
AA 14 16 40 00 CF A6 A8 01 00 00 43 48 00 00 41 C8 00 00 05 14 FB
AA 14 16 40 00 D2 BC 0C 01 00
00 43 48 00 00 41 C8 00 00 05 95 5F
AA 14 16 40 00 D5 D1 54 01 00 00 43 48 00 00 41 C8 00 00 05 79 07
AA 14 16 40 00 D8 E6 94 01 00 00 43 48 00 00 41 C8 00 00 05 A2 C7
AA 14 16 40 00 DB FC 1C 01 00 00 43 48 00 00 41 C8
00 00 05 63 4F
AA 14 16 40 00 DF 11 54 01 00 00 43 48 00 00 41 C8 00 00 05 4F 07
AA
14 16 40 00 E2 26 60 01 00 00 43 48 00 00 41 C8 00 00 05 54 33
AA 14 16 40 00 E5 3B 84 01 00 00 43 48 00 00 41 C8 00 00 05 52 D7
AA 14 07 10 02 FD E2
AA 14 16 40 00 E8 51 78 02 00 00 43 48 00 00 41 C8 00 00 05 92 2B
AA 14 16 40 00 EB 66 F4 02 00 00 43 48 00 00 41 C8 00 00 05 CA A7
AA 14 16 40 00 EE 7C 24 02 00 00 43 48 00 00 41 C8 00 00 05 88 77
AA 14 16 40 00 F1 91 74 02 00 00 43 48 00 00 41 C8 00 00 05 27 27
AA 14 16 40 00 F4 A6 EC 02 00 00 43 48
00 00 41 C8 00 00 05 BF BF
AA 14 16 40 00 F7 BC 50 02 00 00 43 48 00 00 41 C8 00 00 05 3D 03
AA 14 16 40 00 FA D1 68 02 00 00 43 48 00 00 41 C8 00 00 05 D2 3B
AA 14 16 40 00 FD E6 C0 02 00 00 43 48 00 00 41 C8 00 00 05
0A 93
AA 14 16 40 01 00 FC 2C 02 00 00 43 48 00 00 41 C8 00 00 05 C9 7F
AA 14 16 40
01 04 11 8C 02 00 00 43 48 00 00 41 C8 00 00 05 E7 DF
AA 14 16 40 01 07 26 9C 02 00 00 43 48 00 00 41 C8 00 00 05 FE CF
AA 14 16 40 01 0A 3C 0C 02 00 00 43 48 00 00 41 C8 00 00 05 FD 5F
AA 14 16 40 01 0D 51 6C 02
00 00 43 48 00 00 41 C8 00 00 05 93 3F
AA 14 16 40 01 10 66 A8 02 00 00 43 48 00 00 41 C8 00 00 05 CA FB
AA 14 16 40 01 13 7B AC 02 00 00 43 48 00 00 41 C8 00 00 05 8E FF
AA 14 16 40 01 16 91 20 02 00 00 43 48 00 00 41 C8
00 00 05 20 73
AA 14 16 40 01 19 A6 8C 02 00 00 43 48 00 00 41 C8 00 00 05 B9 DF
AA 14 16 40 01 1C BB CC 02 00 00 43 48 00 00 41 C8 00 00 05 3D 9F
AA 14 16 40 01 1F D0 D4 02 00 00 43 48 00 00 41 C8 00 00 05 D2 87
AA 14 16 40 01 22 E6 5C 02 00 00 43 48 00 00 41 C8 00 00 05 0B 0F
AA 14 16 40 01 25 FB B4 02 00 00 43 48 00 00 41 C8 00 00 05 CF E7
AA 14 16 40 01 29 10 C8 02 00 00 43 48 00 00 41 C8 00 00 05 E0 9B
AA 14 16 40 01 2C 25 C8 02 00 00 43 48 00 00 41 C8 00 00 05 FA 9B
AA 14 16 40 01 2F 3B 38 02 00 00 43 48 00
00 41 C8 00 00 05 FE 6B
AA 14 16 40 01 32 50 BC 02 00 00 43 48 00 00 41 C8 00 00 05 91 EF
AA 14 16 40 01 35 65 EC 02 00 00 43 48 00 00 41 C8 00 00 05 CB BF
AA 14 16 40 01 38 7B 14 02 00 00 43 48 00 00 41 C8 00 00 05
8F 47
AA 14 16 40 01 3B 90 AC 02 00 00 43 48 00 00 41 C8 00 00 05 20 FF
AA 14 16 40 01 3E A6 08 02 00 00 43 48 00 00 41 C8 00 00 05 B9 5B
AA 14 16 40 01 41 BB 10 02 00 00 43 48 00 00 41 C8 00 00 05 3D 43
AA 14 16 40 01 44 D0 38 02 00 00 43 48 00 00 41 C8 00 00 05 D2 6B
AA 14 16 40 01 47 E5 B0 02 00 00 43 48 00 00 41 C8 00 00 05 08 E3
AA 14 16 40 01 4A FB 14 02 00 00 43 48 00 00 41 C8 00 00 05 CC 47
AA 14 16 40 01 4E 10 24 02 00 00 43 48 00 00 41 C8 00 00 05 E3 77
AA 14 16 40 01 51 25 74 02 00 00 43 48 00 00 41 C8 00 00 05 F9 27
AA 14 16 40 01 54 3A EC 02 00 00 43 48 00 00 41 C8 00 00 05 FC BF
AA
14 16 40 01 57 50 50 02 00 00 43 48 00 00 41 C8 00 00 05 93 03
AA 14 16 40 01 5A 65 60 02 00 00 43 48 00 00 41 C8 00 00 05 C9 33
AA 14 16 40 01 5D 7A B0 02 00 00 43 48 00 00 41 C8 00 00 05 8C E3
AA 14 16 40 01 60 90 24 02 00 00 43 48 00 00 41 C8 00 00 05 23 77
AA 14 16 40 01 63 A5 7C 02 00 00 43 48 00 00 41 C8 00 00 05 B9 2F
AA 14 16 40 01 66 BA 84 02 00 00 43 48 00 00 41 C8 00 00 05 3C D7
AA 14 16 40 01 69 CF EC 02 00 00 43 48 00
00 41 C8 00 00 05 CC BF
AA 14 16 40 01 6C E5 5C 02 00 00 43 48 00 00 41 C8 00 00 05 16 63
AA 14 16 40 01 6F FA 90 02 00 00 43 48 00 00 41 C8 00 00 05 D3 C3
AA 14 16 40 01 73 0F 9C 02 00 00 43 48 00 00 41 C8 00 00 05 E3
CF
AA 14 16 40 01 76 25 10 02 00 00 43 48 00 00 41 C8 00 00 05 F9 43
AA 14 16 40
01 79 3A 84 02 00 00 43 48 00 00 41 C8 00 00 05 FC D7
AA 14 16 40 01 7C 4F AC 02 00 00 43 48 00 00 41 C8 00 00 05 8C FF
AA 14 16 40 01 7F 64 B4 02 00 00 43 48 00 00 41 C8 00 00 05 D7 E7
AA 14 16 40 01 82 7A 3C 02 00 00
43 48 00 00 41 C8 00 00 05 92 6F
AA 14 16 40 01 85 8F AC 02 00 00 43 48 00 00 41 C8 00 00 05 22 FF
AA 14 16 40 01 88 A4 A8 02 00 00 43 48 00 00 41 C8 00 00 05 B9 FB
AA 14 16 40 01 8B B9 C0 02 00 00 43 48 00 00 41 C8 00 00 05 3F 93
AA 14 16 40 01 8E CF 38 02 00 00 43 48 00 00 41 C8 00 00 05 CF 6B
AA
14 16 40 01 91 E4 B4 02 00 00 43 48 00 00 41 C8 00 00 05 14 E7
AA 14 16 40 01 94 F9 DC 02 00 00 43 48 00 00 41 C8 00 00 05 D2 8F
AA 14 16 40 01 98 0E FC 02 00 00 43 48 00 00 41 C8 00 00 05 E3 AF
AA 14 16 40 01 9B 24 9C 02 00 00 43 48 00 00 41 C8 00 00 05 F8 CF
AA 14 16 40 01 9E 3A 00 02 00 00 43 48 00 00 41 C8 00 00 05 FD 53
AA 14 16 40 01 A1 4F 10 02 00 00 43 48 00 00 41 C8 00 00 05 8D 43
AA 14 16 40 01 A4 64 38 02 00 00 43 48 00
00 41 C8 00 00 05 D6 6B
AA 14 16 40 01 A7 79 B0 02 00 00 43 48 00 00 41 C8 00 00 05 90 E3
AA 14 16 40 01 AA 8F 0C 02 00 00 43 48 00 00 41 C8 00 00 05 20 5F
AA 14 16 40 01 AD A4 24 02 00 00 43 48 00 00 41 C8 00 00 05 BB
77
AA 14 16 40 01 B0 B9 74 02 00 00 43 48 00 00 41 C8 00 00 05 3D 27
AA 14 16 40
01 B3 CE E4 02 00 00 43 48 00 00 41 C8 00 00 05 CC B7
AA 14 16 40 01 B6 E4 48 02 00 00 43 48 00 00 41 C8 00 00 05 17 1B
AA 14 16 40 01 B9 F9 50 02 00 00 43 48 00 00 41 C8 00 00 05 D1 03
AA 14 16 40 01 BD 0E 98 02 00 00
43 48 00 00 41 C8 00 00 05 E0 CB
AA 14 16 40 01 C0 23 FC 02 00 00 43 48 00 00 41 C8 00 00 05 FC AF
AA 14 16 40 01 C3 39 5C 02 00 00 43 48 00 00 41 C8 00 00 05 FA 0F
AA 14 16 40 01 C6 4E 64 02 00 00 43 48 00 00 41 C8 00
00 05 8B 37
AA 14 16 40 01 C9 63 D4 02 00 00 43 48 00 00 41 C8 00 00 05 D7 87
AA 14 16 40 01 CC 79 44 02 00 00 43 48 00 00 41 C8 00 00 05 91 17
AA 14 16 40 01 CF 8E 80 02 00 00 43 48 00 00 41 C8 00 00 05 20 D3
AA 14 16 40 01 D2 A3 74 02 00 00 43 48 00 00 41 C8 00 00 05 BC 27
AA 14 16 40 01 D5 B8 D0
02 00 00 43 48 00 00 41 C8 00 00 05 3B 83
AA 14 16 40 01 D8 CE 44 02 00 00 43 48 00 00 41 C8 00 00 05 CA 17
AA 14 16 40 01 DB E3 7C 02 00 00 43 48 00 00 41 C8 00 00 05 16 2F
AA 14 16 40 01 DE F8 84 02 00 00 43 48 00
00 41 C8 00 00 05 D1 D7
AA 14 16 40 01 E2 0E 14 02 00 00 43 48 00 00 41 C8 00 00 05 E0 47
AA 14 16 40 01 E5 23 74 02 00 00 43 48 00 00 41 C8 00 00 05 FC 27
AA 14 16 40 01 E8 38 88 02 00 00 43 48 00 00 41 C8 00 00 05 FB
DB
AA 14 16 40 01 EB 4D 80 02 00 00 43 48 00 00 41 C8 00 00 05 89 D3
AA 14 16 40 01
EE 62 F0 02 00 00 43 48 00 00 41 C8 00 00 05 D4 A3
AA 14 16 40 01 F1 78 7C 02 00 00 43 48 00 00 41 C8 00 00 05 93 2F
AA 14 16 40 01 F4 8D AC 02 00 00 43 48 00 00 41 C8 00 00 05 21 FF
AA 14 16 40 01 F7 A2 B4 02 00 00 43
48 00 00 41 C8 00 00 05 BC E7
AA 14 16 40 01 FA B8 44 02 00 00 43 48 00 00 41 C8 00 00 05 3B 17
AA 14 16 40 01 FD CD A8 02 00 00 43 48 00 00 41 C8 00 00 05 C9 FB
AA 14 16 40 02 00 E2 B0 02 00 00 43 48 00 00 41 C8 00
00 05 17 E3
AA 14 16 40 02 03 F7 D4 02 00 00 43 48 00 00 41 C8 00 00 05 DC 87
AA 14
16 40 02 07 0D 60 02 00 00 43 48 00 00 41 C8 00 00 05 ED 33
AA 14 16 40 02 0A 22 CC 02 00 00 43 48 00 00 41 C8 00 00 05 F3 9F
AA 14 16 40 02 0D 37 CC 02 00 00 43 48 00 00 41 C8 00 00 05 F8 9F
AA 14 16 40 02 10 4D 34
02 00 00 43 48 00 00 41 C8 00 00 05 89 67
AA 14 07 10 04 20 14
