AA 14 07 10 02 AF 04 AA 14 16 40 02 5E 20 70 02 00 00 42 73 33 33 3C A7 1D E7 07 9C 2D
AA 14 16 40 02 62 57 90 02 00 00 42 73 33 33 3C 9A 02 75 07 44 EE
AA 14 16 40 02 66 30 28 02 00 00 42 73
33 33 3C 99 30 BE 05 EB 62
AA 14 16 40 02 69 42 C4 02 00 00 42 73 33 33 3C 37 80 34 07 BD 33
AA 14 16 40 02 6D 7D 00 02 00 00 42 73 33 33 3C 4C CC CD 07 00 BF
AA 14 16 40 02 71 B7 48 02 00 00 42 73 33 33 3C 7C 50 48 07 7F 77
AA 14 16 40 02 75 F1 84 02 00 00 42 73 33 33 3C 6F 34 D7 07 B5 DB
AA 14 16 40 02 79 CA 1C 02 00 00 42 73 33 33 3C 47 E2 82 05 F3 9B
AA 14 16 40 02 7C DC B0 02 00 00 42 73 33 33 3C 8C E7 04 07 A8 35
AA 14 16 40 02 81 16 EC 02 00 00 42 73 33 33 3C 2F 4F 0E 07 CB 3C
AA 14 16 40 02 85 51 24 02 00 00 42 73 33 33 3C 80 9D 49 07 64 22
AA 14 16 40 02 89 29 C0 02 00 00 42 73 33 33 3C 62 19 65 05 D2 4C
AA 14 16 40 02 8C 3C 50 02 00 00 42 73 33 33 3C 2D AB 9F 07 72 69
AA 14 16 40 02 90 76 98 02 00 00 42 73 33 33 3C 8C E7 04 07 02 F1
AA 14 16 40
02 94 B0 DC 02 00 00 42 73 33 33 3C 6B ED FA 07 DD BB
AA 14 16 40 02 98 EB 1C 02 00 00 42 71 66 66 3C 95 18 2B 07 FE D7
AA 14 16 40 02 9C C3 AC 02 00 00 42 71 66 66 3C A3 D7 0A 05 C1 AE
AA 14 16 40 02 9F D6 5C 02 00 00 42 71 66 66 3C 85 87 94 07 6C 0F
AA 14 16 40 02 A4 10 9C 02 00 00 42 71 66 66 3C 84 B5 DD 07 E2 C6
AA 14 16 40 02 A8 4A F0 02 00 00 42 71 66 66 3C 7A AC DA 07 41 BF
AA 14 16 40 02 AC 23 74 02 00 00 42 71 66 66 3C 60 75 F7 05 1F E4 AA 14 16 40 02 AF 35 FC 02 00 00 42 71 66 66 3C 85 87 94 07 8F 9F
AA 14 16 40 02 B3 70 2C 02 00 00 42 71 66 66 3C 58 44 D0 07 53 90
AA 14 16 40 02 B7 AA 5C 02 00 00 42 71 66 66 3C 9A 02 75 07 EE A2
AA 14 16 40 02 BB E4 8C 02 00 00 42 71 66 66 3C 4E 70 3B 07 3A 0C
AA 14 16 40 02 BF BD 10 02 00 00 42 6C 00 00 3C AF 4F 0E 05 CC CF
AA 14 16 40 02 C2 CF A0 02 00 00 42 71 66 66 3C 7D F3 B6 07 AF DA
AA 14 16 40 02 C7 09 C0 02 00 00 42 71 66 66 3C 80 9D 49 07 6B D1
AA 14 16 40 02 CB 43 F0 02 00 00 42 71 66 66 3C 83 E4 26 07 4D 94
AA 14 16 40 02 CF 1C 74 02 00 00 42 71 66 66 3C 95 18 2B 05 09
EA AA 14 16 40 02 D2 2F 08 02 00 00 42 71 66 66 3C 91 D1 4E 07 5B 40
AA 14 16 40 02 D6 69 30 02 00 00 42 71 66 66 3D 00 34 6E 07 AC 98
AA 14 16 40 02 DA A3 5C 02 00 00 42 71 66 66 3D 04 4D 01 07 0D 81
AA 14 16 40 02 DE DD 8C 02 00 00 42 71 66 66 3D 05 F0 6F 07 1C E8
AA 14 16 40 02 E2 B6 14 02 00 00 42 71 66 66 3C EC BF B1 05 40 00
AA 14 16 40 02 E5 C8 A4 02 00 00 42 71 66 66 3C E2 EB 1C 07 9D E1
AA 14 16 40 02 EA 02 D0 02 00 00 42 71 66 66 3D 0C 15 4D 07 E8 65
AA 14 16 40 02 EE 3D 00 02 00 00 42 71 66 66 3D 22 9C 78 07 CC 38
AA 14 16 40 02 F2 15 8C 02 00 00 42 71 66 66 3D 3C D3 5B 05 D9 E5
AA 14 16 40 02 F5 28 1C 02 00 00 42 71 66 66 3D 62 EB 1C 07 FD 48
AA 14 16 40 02 F9 62 40 02 00 00 42 71 66 66 3D 6F 9D B2 07 14 6E
AA 14 16 40 02 FD 9C 70 02 00 00 42 71
66 66 3D 57 73 19 07 79 B4
AA 14 16 40 03 01 D6 A8 02 00 00 42 71 66 66 3C F9 DB 23 07 A6 39
AA 14 16 40 03 05 AF 40 02 00 00 42 71 66 66 3D 20 90 2E 05 0B 9D
AA 14 16 40 03 08 C1 C4 02 00 00 42 71 66 66 3D 17 8D 50 07 2C 0B
AA 14 16 40 03 0C FB EC 02 00 00 42 71 66 66 3D 34 39 58 07 3D 93
AA 14 16 40 03 11 36 14 02 00 00 42 71 66 66 3C F4 F0 D8 07 B0 BE
AA 14 16 40 03 15 0E 8C 02 00 00 42 71 66 66 3D 4E 70 3B 05 D1 A1
AA 14 16 40 03 18 21 14 02 00 00 42 71 66 66 3E 7C 1B DA 07 2D 5E
AA 14 16 40 03 1C 5B 40 02 00 00 42 71 66 66 3F 50 68 DC 07 7D 7C
AA 14 16 40 03 20 95 60 02 00 00 42 71 66 66 40 11 F2 13 07 3D 85
AA 14 16 40 03 24 CF 98 02 00 00 42 71 66 66 40 A2 89 A0 07 67 02
AA 14 16 40 03 28 A8 0C 02 00 00 42 71 66 66 41 08 24 0B 05 01 34
AA 14 16 40 03 2B BA 90 02 00 00 42 71 66 66 41 24 C5 6D 07 59 48
AA 14 16 40 03 2F F4 BC 02 00 00 42 71 66 66 41 4E 04 EA 07 FA A1
AA 14 16 40 03 34 2E F0 02 00 00 42 71 66 66 41 81 EF D2 07 D7 1D
AA 14 16 40 03 38 07 70 02 00 00 42 73 33 33 41 94 24 0B 05 65 0D
AA 14 16 40 03 3B 19 F0 02 00 00 42 73 33 33 41 9D 7F 63 07 1A D7
AA 14 16 40 03 3F 54 1C 02 00 00 42 73 33 33 41 A7 DD 2F 07 21 9D
AA 14 16 40 03 43 8E 4C 02 00 00 42 73 33 33 41 AB D8 10 07 C8 B4
AA 14 16 40 03 47 C8 7C 02 00 00 42 73 33 33 41 AD 5A 51 07 C9 02
AA 14 16 40 03 4B A1 08 02 00 00 42 73 33 33 41 B4 C2 F8 05 10 E0
AA 14 16 40 03 4E B3 94 02 00 00 42 73 33 33 41 B9 A8 58 07 AF 11
AA 14 16 40 03 52 ED C4 02 00 00 42 73 33 33 41 C9 27 BB 07 62 D2
AA 14 16 40 03 57 28 10 02 00 00 42 73 33 33 41 E3 75 5A 07 6C 51
AA 14 16 40 03 5B 00 90 02 00 00 42 73 33 33 41 E5 B1 F9 05 E1 1B
AA 14 16 40 03 5E 13 20 02 00 00 42 6D CC CD 41 E6 A8 58 07 B0 4A
AA 14 16 40 03 62 4D 58 02 00 00 42 73 33 33 42 05 D6 F0 07 45 8C
AA 14 16 40 03 66 87 90 02 00 00 42 73 33 33 42 04 4E BF 07 C1 D8
AA 14 16 40 03 6A C1 BC 02 00 00 42 73 33 33 42 01 F0 8A 07 B7 46
AA 14 16 40 03 6E 9A 44 02 00 00 42 75 00 00 42 05 EA 7F 05 28 91
AA 14 16 40 03 71 AC D0 02 00 00 42 73 33 33 41 EA 6C C0 07 7B AE
AA 14 16 40 03 75 E7 10 02 00 00 42 73 33 33 40 B4 20 C5 07 6B 27
AA 14 16 40 03 7A 21 38 02 00 00 42 73 33 33 40 9F 93 DE 07 9D B3
AA 14 16 40 03 7D F9 B8 02 00 00 42 75 00 00 40 A0 3E 42 05 D3 A8
AA 14 16 40 03 81 0C 44 02 00 00 42 75 00 00 40 A0 91 D1 07 B5 05
AA 14 16 40 03 85 46 68 02 00 00 42 75 00 00 40 A0 DA BA 07 94 66
AA 14 16 40 03 89
80 94 02 00 00 42 75 00 00 40 A0 DA BA 07 52 96
AA 14 16 40 03 8D BA D4 02 00 00 42 75 00 00 40 A0 EC C0 07 12 E4
AA 14 16 40 03 91 93 5C 02 00 00 42 75 00 00 40 A0 CA 58 05 A3 54
AA 14 16 40 03 94 A5 E0 02 00 00 42 75 00 00 40 A0 E8 A7 07 6A CD
AA 14 16 40 03 98 E0 20 02 00 00 42 75 00 00 40 A0 BE E0 07 68 57
AA 14 16 40 03 9D 1A 48 02 00 00 42 75 00 00 40 A0 90 2E 07 5C 14
AA 14 16 40 03 A0 F2 D4 02 00 00 42 75 00 00 40 A0 9B A6 05 3C BC
AA 14 16 40 03 A4 05 64 02 00 00 42 75 00 00 40 A0 8C E7 07 8A 1D
AA 14 16 40 03 A8 3F 9C 02 00 00 42 75 00 00 40 A0 77 9A 07 CD 12
AA 14 16 40 03 AC 79 CC 02 00 00 42 75 00 00 40 A0 71 DE 07 CF 40
AA 14 16 40 03 B0 B4 10 02 00 00 42 75 00 00 40 A0 57 A8 07 74 A6
AA 14 16 40 03 B4 8C 98 02 00 00 42 75 00 00 40 A0 3E 42 05 A6 41
AA 14 16 40 03 B7 9F 38 02 00 00 42 75 00 00 40 A0 31 F9 07 0E EF
AA 14 16 40 03 BB D9 70 02 00 00 42 75 00 00 40 A0 07 5F 07 EE 9D
AA 14 16 40 03 C0 13 9C 02 00 00 42 75 00 00 40 A0 00 00 07 7B 0D
AA 14 16 40 03 C3 EC 2C 02 00 00 42 6C 00 00 40 9F DA 51 05 F3 66
AA 14 16 40 03 C6 FE C0 02 00 00 42 75 00 00 40 9F F4 88 07 21 A3
AA 14 16 40 03 CB 38 F4 02 00 00 42 73 33 33 40 9F AD 43 07 19 F0
AA 14 16 40 03 CF 73 24 02 00 00 42 73 33 33 40 9F 9F 56 07 47 16
AA 14 16 40 03 D3 AD 50 02 00 00 42 73 33 33 40 9F 8A 09 07 C6 6B
AA 14 16 40 03 D7 85 EC 02 00 00 42 75 00 00 40 9F 86 C2 05 10 EE
AA 14 16 40 03 DA 98 80 02 00 00 42 75 00 00 40 9F 83 7B 07 B4 88
AA 14 16 40 03 DE D2 C0 02 00 00 42 75 00 00 40 9F 74 BC 07 39 3B
AA 14 16 40 03 E3 0C E8 02 00 00 42 75 00 00 40 9F 5C 29 07 72 06
AA 14 16 40 03 E6 E5 6C 02 00 00 42 6F 99 9A 40 9F 68 73 05 41 28
AA 14 16 40 03 E9 F7 FC 02 00 00 42 75 00 00 40 9F 49 52 07 F2 0D
AA 14 16 40 03 EE 32 24 02 00 00 42 75 00 00 40 9F 1F 8A 07 EF 84
AA 14 16 40 03 F2 6C 60 02 00 00 42 75 00 00 40 9F 39 C1 07 FA FA
AA 14 16 40 03 F6 A6 90 02 00 00 42 75 00 00 40 9F 18 FC 07 0D 2F
AA 14 16 40 03 FA 7F 10 02 00 00 42 75 00 00 40 9E F2 7C 05 55 4B
AA 14 16 40 03 FD 91 9C 02 00 00 42 6F 99 9A 40 9E E6 32 07 75 4F
AA 14 16 40 04 01 CB D0 02 00 00 42 75 00 00 40 9F 02 DE 07 45 82
AA 14 16 40 04 06 06 0C 02 00 00 42 75 00 00 40 9E E8 A7 07 F0 B3
AA 14 16 40 04 09 DE 98 02 00 00 42 75 00 00 40 9F 08 9A 05 14 CA
AA 14 16 40 04 0C F1 30 02 00 00 42 75 00 00 40 9E DE 01 07 A1 B3
AA 14 16 40 04 11 2B 60 02 00 00 42 75 00 00 40 9E B9 24 07 5E 99
AA 14 16 40 04 15 65 94 02 00 00 42 75 00 00 40 9E B7 80 07 B4 67
AA 14 16 40 04 19 9F C4 02 00 00 42 75 00 00 40 9E A3 D7 07 19 2F
AA 14 16 40 04 1D 78 50 02 00 00 42 75 00 00 40 9E 60 AA 05 83 7E AA 14 16 40 04 20 8A E0 02 00 00 42 75 00 00 40 9E 77 9A 07 41 E6
AA 14 16 40 04 24 C5 10 02 00 00 42 75 00 00 40 9E 5A 1D 07 89 3F
AA 14 16 40 04 28 FF 44 02 00 00 42 75 00 00 40 9E 4B 5E 07 F0 76
AA 14 16 40 04 2C D7 C8 02 00 00 42 75 00 00 40 9E 4F 76 05 F0 F8 AA 14 16
40 04 2F EA 60 02 00 00 42 75 00 00 40 9E 31 27 07 9C 2F
AA 14 16 40 04 34 24 90 02 00 00 42 75 00 00 40 9E 1A 37 07 42 EF
AA 14 16 40 04 38 5E C0 02 00 00 42 75 00 00 40 9D EE CC 07 C0 47
AA 14 16 40 04 3C 98 EC 02 00 00 42 75 00 00 40 9D EC 57 07 9D 6D
AA 14 16 40 04 40 71 70 02 00 00 42 75 00 00 40 9D CE D9 05 FA AD
AA 14 16 40 04 43 84 0C 02 00 00 42 75 00 00 40 9D D5 67 07 B1 CB
AA 14 16 40 04 47 BE 34 02 00 00 42 75 00 00 40 9D AB 9F 07 73 89
AA 14 16 40 04 4B F8 68 02 00 00 42 75 00 00 40 9D B3 D0 07 7A C1
AA 14 16 40 04 4F D0 EC 02 00 00 42 75 00 00 40 9D 96 53 05 D1 66
AA 14 16 40 04 52 E3 74 02 00 00 42 75 00 00 40 9D 91 68 07 D9 E6
AA 14 16 40 04 57 1D A8 02 00 00 42 75 00 00 40 9D 80 34 07 7B 2E
AA 14 16 40 04 5B 57 D8 02 00 00 42 75 00 00 40 9D 49 52 07 57 9B
AA 14 16 40 04 5F 91 FC 02 00 00 42 73 33 33 40 9D 4C 98 07 6E 8D
AA 14 16 40 04 63 6A 70 02 00 00 42 75 00 00 40 9D 4A 23 05 1B 0A
AA 14 16 40 04 66 7C F8 02 00 00 42 73 33 33 40 9D 41 20 07 3B BD
AA 14 16 40 04 6A B7 28 02 00 00 42 75 00 00 40 9D 44 67 07 82 57
AA 14 16 40 04 6E F1 54 02 00 00 42 75 00 00 40 9D 14 E4 07 47 7F
AA 14 16 40 04 72 C9 DC 02 00 00 42 75 00 00 40 9D 4E 3C 05 A7 B3 AA 14 16 40 04 75 DC 64 02 00 00 42 75 00 00 40 9D 1F 8A 07 04 5F
AA 14 16 40 04 7A 16 A4 02 00 00 42 75 00 00 40 9D 05 53 07 17 8A
AA 14 16 40 04 7E 50 DC 02 00 00 42 75 00 00 40 9C D7 73 07 70 24
AA 14 16 40 04 82 8B 0C 02 00 00 42 75 00 00 40 9C DC 5D 07 85 03
AA 14 16 40 04 86 63 90 02 00 00 42 6C 00 00 40 9C DE 01 05 28 9B
AA 14 16 40 04 89 76 20 02 00 00 42 75 00 00 40 9C D3 5B 07 7E 2B
AA 14 16 40 04 8D B0 5C 02 00 00 42 75 00 00 40 9C B3 68 07 8B 33
AA 14 16 40 04 91 EA 88 02 00 00 42 75 00 00 40 9C AD AC 07 15 E5
AA 14 16 40 04 95 C3 18 02 00 00 42 75 00 00 40 9C B1 C4 05 54 6F
AA 14 16 40 04 98 D5 A0 02 00 00 42 75 00 00 40 9C 9E ED 07 6B F7
AA 14 16 40 04 9D 0F CC 02 00 00 42 75 00 00 40 9C 9C 78 07 24 9C
AA 14 16 40 04 A1 49 FC 02 00 00 42 75 00 00 40 9C AB 36 07 2C A7
AA 14 16 40 04 A5 84 2C 02 00 00 42 75 00 00 40 9C AB 36 07 E1 73
AA 14 16 40 04 A9 5C AC 02 00 00 42 75 00 00 40 9C 87 FD 05 F2 D1
AA 14 16 40 04 AC 6F 40 02 00 00 42 75 00 00 40 9C 7D 56 07 6A C0
AA 14 16 40 04 B0 A9 68 02 00 00 42 75 00 00 40 9C 55 32 07 C8 DC
AA 14 16 40 04 B4 E3 9C 02 00 00 42 75 00 00 40 9C 5E 35 07 85 27
AA 14 16 40 04 B8 BC 10 02 00 00 42 75 00 00 40 9C 1F F3 05 1C E4
AA 14 16 40 04 BB CE 94 02 00 00 42 75 00 00 40 9C 32 CA 07 57 4C
AA 14 16 40 04 C0 08 BC 02 00 00 42 75 00 00 40 9C 23 3A 07 61 0E
AA 14 16 40 04 C4 42 E8 02 00 00 42 75 00 00 40 9C 36 11 07 00 4B
