AA 14 02 10 01 AA 14 1F 51 1A 90 FF 4C 01 00 00
43 AD 18 80 40 00 00 00 42 00 00 00 42 00 00 00 80 00 00 00 1F 0F 10
AA 14 1F 51 1A 92 84 A4 01 00 00 43 AD B4 C0 40 00 00 00 42 00 00 00 42 00 00 00 80 00 00 00 1F 0F 10
AA 14 1F 51 1A 94 0D E4 01 00 00 43 AD B4 C0 40 00 00 00 42 00 00 00 42 00 00 00 80 00 00 00 1F 0F 10
AA 14 1F 51 1A 95 97 28 01 00 00 43 AD B4 C0 40 00 00 00 42 00 00 00
42 00 00 00 80 00 00 00 1F 0F 10 AA 14 1F 51 1A 97 20 64 01 00 00 43 AD B4 C0 40 00 00 00 42 00 00 00 42 00 00 00 80 00 00 00 1F 0F 10
AA 14 1F 51 1A 98 A9 9C 01 00 00 43 AD B4 C0 40 00 00 00 42 00 00 00 42 00 00 00 80 00 00 00 1F 0F 10
AA 14 1F 51 1A 9A 32 E0 01 00 00 43 AD B4 C0 40 00 00 00 42 00 00 00 42 00 00 00 80 00 00
00 1F 0F 10
AA 14 1F 51 1A 9B BC 1C 01 00 00 43 AD 18 80 40 00 00 00 42 00 00 00 42 00 00 00 80 00 00 00 1F 0F 10
AA 14 1F 51 1A 9D 45 5C 01 00 00 43 AD 18 80 40 00 00 00 42 00 00 00 42 00 00 00 80 00 00 00 1F 0F 10
AA 14 1F 51 1A 9E CE 94 01 00 00 43 AC 7C 40 40 00 00 00 42 00 00 00 42 00 00 00 80 00 00 00 1F 0F 10
AA 14 1F 51 1A A0 57 D4 01 00 00 43 AC 7C 40 40 00 00 00 42 00 00 00 42 00 00 00 80 00 00 00 1F 0F 10
AA
14 1F 51 1A A1 E1 14 01 00 00 43 AB E0 00 40 00 00 00 42 00 00 00 42 00 00 00 80 00 00 00 1F 0F 10
AA 14 1F 51 1A A3 6A 54 01 00 00 43 AB E0 00 40 00 00 00 42 00 00 00 42 00 00 00 80 00 00 00 1F 0F 10
AA 14 1F 51 1A A4 F3 94 01 00 00 43 AB 43 C0 40 00 00 00 42 00 00 00 42 00 00
00 80 00 00 00 1F 0F 10
AA 14 1F 51 1A A6 7C D4
01 00 00 43 AB 43 C0 40 00 00 00 42 00 00 00 42 00 00 00 80 00 00 00 1F 0F 10
AA 14 1F 51 1A A8 06 14 01 00 00 43 AB 43 C0 40 00 00 00 42 00 00 00 42 00 00 00 80 00 00 00 1F 0F 10
AA 14 1F 51 1A A9 8F 58 01 00 00 43 AB 43 C0 40 00 00 00 42 00 00 00 42 00 00 00 80 00 00 00 1F 0F 10
AA 14 1F 51 1A AB 18 94 01 00 00 43 AB 43 C0
40 00 00 00 42 00 00 00 42 00 00 00 80 00 00 00 1F 0F 10
AA 14 1F 51 1A AC A1 D4 01 00 00 43 AB 43 C0 40 00 00 00 42 00 00 00 42 00 00 00 80 00 00 00 1F 0F 10
AA 14 1F 51 1A AE 2B 18 01 00 00 43 AB E0 00 40 00 00 00 42 00 00 00 42 00 00 00 80 00 00 00 1F 0F 10
AA 14 1F 51 1A AF B4 54 01 00 00 43 AB E0 00 40 00 00 00 42 00 00 00 42 00 00 00 80 00 00 00 1F 0F 10
AA 14 1F 51 1A B1 3D 8C 01 00 00 43 AB E0 00 40 00 00 00 42 00 00 00 42 00 00 00 80 00 00 00 1F 0F 10
AA 14 1F 51 1A B2 C6 D0 01 00 00 43 AC 7C 40 40 00 00 00 42 00 00 00 42 00 00 00 80 00 00 00 1F 0F 10
AA 14 1F 51 1A B4 50 0C 01 00 00 43 AC 7C 40 40 00 00 00 42 00 00 00 42 00 00 00 80 00 00 00 1F 0F 10
AA 14 1F 51 1A B5 D9 4C 01 00 00 43 AC 7C 40 40 00 00 00 42 00 00 00 42 00 00 00 80 00 00 00 1F 0F 10
AA 14 1F 51 1A B7 62 8C 01 00 00 43 AD 18 80 40 00 00 00 42 00 00 00 42 00 00 00 80 00 00 00 1F 0F 10
AA 14 1F 51 1A B8 EB CC 01 00 00 43 AD 18 80 40 00 00 00 42 00 00 00 42 00 00 00 80 00 00 00 1F 0F 10
AA 14 1F 51 1A BA 75 0C 01 00 00 43 AC 7C 40 40 00 00 00
42 00 00 00 42 00 00 00 80 00 00 00 1F 0F 10
AA
14 1F 51 1A BB FE 44 01 00 00 43 AC 7C 40 40 00 00 00 42 00 00 00 42 00 00 00 80 00 00 00 1F 0F 10
AA 14 1F 51 1A BD 87 84 01 00 00 43 AC 7C 40 40 00 00 00 42 00 00 00 42 00 00 00 80 00 00 00 1F 0F 10
AA 14 1F 51 1A BF 10 C4 01 00 00 43 AB E0 00 40 00 00 00 42 00 00 00 42 00 00 00
80 00 00 00 1F 0F 10
AA 14 1F 51 1A C0 9A 04 01 00 00 43 AB E0 00 40 00 00 00 42 00 00 00 42 00 00 00 80 00 00 00 1F 0F 10
AA 14 1F 51 1A C2 23 48 01 00 00 43 AB E0 00 40 00 00 00 42 00 00 00 42 00 00 00 80 00 00 00 1F 0F 10
AA 14 1F 51 1A C3 AC 84 01 00 00 43 AB 43 C0 40 00 00 00 42 00 00 00 42 00 00 00 80 00 00 00 1F 0F 10
AA 14 1F 51 1A C5 35 C4 01 00 00 43 AB 43 C0 40 00 00 00 42 00 00 00 42 00 00 00 80 00 00 00 1F 0F 10
AA 14 1F 51 1A C6 BF 08 01 00 00 43 AA A7 80 40 00 00 00 42 00 00 00 42 00 00 00 80 00 00 00 1F 0F 10
AA 14 1F 51 1A C8 48 44 01 00 00 43 AA A7 80 40 00 00 00 42 00 00 00 42 00 00 00 80 00 00 00 1F 0F 10
AA 14 1F 51 1A C9 D1 84 01 00 00 43 AA A7 80 40 00 00 00 42 00 00 00 42 00 00 00 80 00 00 00 1F 0F 10
AA 14 1F 51 1A CB 5A C4 01 00 00 43 AA A7 80 40 00 00 00 42 00 00 00 42 00 00 00 80 00 00 00 1F 0F 10
AA 14 1F 51 1A CC E4 04 01 00 00 43 AB 43 C0 40 00 00 00 42 00 00 00 42 00 00 00 80 00 00 00 1F 0F 10
AA 14 1F 51 1A CE 6D 3C 01 00 00 43 AB 43 C0 40 00 00 00 42 00 00 00 42 00 00 00 80 00 00 00 1F 0F 10
AA 14 1F 51 1A CF F6 7C 01 00 00 43 AB 43 C0 40 00 00 00 42 00 00 00 42 00 00 00 80 00 00 00 1F 0F 10
AA 14 1F 51 1A D1 7F BC 01 00 00 43 AB E0 00 40 00 00 00 42 00 00 00 42 00 00 00 80 00 00 00 1F 0F 10
AA 14 1F 51 1A D3 08 FC 01 00 00 43 AB E0 00 40 00 00 00 42 00 00 00 42 00 00 00 80 00 00 00 1F 0F 10
AA 14 1F 51 1A D4 92 34 01 00 00 43 AB E0 00 40 00 00 00 42 00 00 00 42 00 00 00 80 00 00 00 1F 0F 10
AA 14 1F 51 1A D6 1B 78 01 00 00 43 AB E0 00 40 00 00 00 42 00 00 00 42 00 00 00 80 00 00 00 1F 0F 10
AA 14 1F 51 1A D7 A4 B4 01 00 00 43 AB E0 00 40 00 00 00 42 00 00 00 42 00 00 00 80 00 00 00 1F 0F 10
AA 14 1F 51 1A D9 2D EC 01 00 00 43 AB E0 00 40 00 00 00 42 00 00 00 42 00 00 00 80 00 00 00 1F 0F 10
AA 14 1F 51 1A DA B7 30 01 00 00 43 AB E0 00 40 00 00 00 42 00 00 00 42 00 00 00 80 00 00 00 1F 0F 10
AA 14 1F 51 1A DC 40 6C 01 00 00 43 AB E0 00 40 00 00 00 42 00 00 00 42 00 00 00 80 00 00 00 1F 0F 10
AA 14 1F 51 1A DD C9 AC 01 00 00 43 AB E0 00 40 00 00 00 42 00 00 00 42 00 00 00 80 00 00 00 1F 0F 10
AA 14 1F 51 1A DF 52 F0 01 00 00 43 AB 43 C0 40 00 00 00 42 00 00 00 42 00 00 00 80 00 00 00 1F 0F 10
AA 14 1F 51 1A E0 DC 2C 01 00 00 43 AB 43 C0 40 00 00 00 42 00 00 00 42 00 00 00 80 00 00 00 1F 0F 10
AA 14 1F 51 1A E2 65 6C 01 00 00 43 AA A7 80 40 00 00 00 42 00 00 00 42 00 00 00 80 00 00 00 1F 0F 10
AA 14 1F 51 1A E3 EE AC 01 00 00 43 AA A7 80 40 00 00 00 42 00 00 00 42 00 00 00 80 00 00 00 1F 0F 10
AA 14 1F 51 1A E5 77 F4 01 00 00 43 AA 0B 40 40 00 00 00 42 00 00 00 42 00 00 00 80 00 00 00 1F 0F 10
AA 14 1F 51 1A E7 01 34 01 00 00 43 AA 0B 40 40 00 00 00 42 00 00 00 42 00 00 00 80 00 00 00 1F 0F 10
AA 14 1F 51 1A E8 8A 74 01 00 00 43 AA 0B 40 40 00 00 00 42 00 00 00 42 00 00 00 80 00 00 00 1F 0F 10
AA 14 1F 51 1A EA 13 B4 01 00 00 43 A9 6F 00 40 00 00 00 42 00 00 00 42 00 00 00 80 00 00 00 1F 0F 10
AA 14 1F 51 1A EB 9C EC 01 00 00 43 AA 0B 40 40 00 00 00 42 00 00 00 42 00 00 00 80 00 00 00 1F 0F 10
AA 14 1F 51 1A ED 26 2C 01 00 00 43 AA 0B 40 40 00 00 00 42 00 00 00 42 00 00 00 80 00 00 00 1F 0F 10
AA 14 1F 51 1A EE AF 70 01 00 00 43 AA 0B 40 40 00 00 00 42 00 00 00 42 00 00 00 80 00 00 00 1F 0F 10
AA 14
1F 51 1A F0 38 AC 01 00 00 43 AA 0B 40 40 00 00 00 42 00 00 00 42 00 00 00 80 00 00 00 1F 0F 10
AA 14 1F 51 1A F1 C1 E4 01 00 00 43 AA A7 80 40 00 00 00 42 00 00 00 42 00 00 00 80 00 00 00 1F 0F 10
AA 14 1F 51 1A F3 4B 28 01 00 00 43 AA A7 80 40 00 00 00 42 00 00 00 42 00 00 00 80
00 00 00 1F 0F 10
AA 14 1F 51 1A F4 D4 64 01 00
00 43 AA A7 80 40 00 00 00 42 00 00 00 42 00 00 00 80 00 00 00 1F 0F 10
AA 14 1F 51 1A F6 5D A4 01 00 00 43 AB 43 C0 40 00 00 00 42 00 00 00 42 00 00 00 80 00 00 00 1F 0F 10
AA 14 1F 51 1A F7 E6 E8 01 00 00 43 AB 43 C0 40 00 00 00 42 00 00 00 42 00 00 00 80 00 00 00 1F 0F 10
AA 14 1F 51 1A F9 70 24 01 00 00 43 AB 43 C0 40 00 00
00 42 00 00 00 42 00 00 00 80 00 00 00 1F 0F 10
AA 14 1F 51 1A FA F9 64 01 00 00 43 AB 43 C0 40 00 00 00 42 00 00 00 42 00 00 00 80 00 00 00 1F 0F 10
AA 14 1F 51 1A FC 82 A4 01 00 00 43 AB 43 C0 40 00 00 00 42 00 00 00 42 00 00 00 80 00 00 00 1F 0F 10
AA 14 1F 51 1A FE 0B EC 01 00 00 43 AB 43 C0 40 00 00 00 42 00 00 00 42 00
00 00 80 00 00 00 1F 0F 10
AA 14 1F 51 1A FF 95 2C 01 00 00 43 AB 43 C0 40 00 00 00 42 00 00 00 42 00 00 00 80 00 00 00 1F 0F 10
AA 14 1F 51 1B 01 1E 6C 01 00 00 43 AA A7 80 40 00 00 00 42 00 00 00 42 00 00 00 80 00 00 00 1F 0F 10
AA 14 1F 51 1B 02 A7 AC 01 00 00 43 AA A7 80 40 00 00 00 42 00 00 00 42 00 00 00 80 00 00 00 1F 0F 10
AA 14 1F 51 1B 04 30 E4 01 00 00 43 AA 0B 40 40 00 00 00 42 00 00 00 42 00 00 00 80 00 00 00 1F 0F 10
AA 14 1F 51 1B 05 BA 24 01 00 00 43 AA 0B 40 40 00 00 00 42 00 00 00 42 00 00 00 80 00 00 00 1F 0F 10
AA 14 1F 51 1B 07 43 68 01 00 00 43 AA 0B 40 40 00 00 00 42 00 00 00 42 00 00 00 80 00 00 00 1F 0F 10
AA 14 1F 51 1B 08 CC A4 01 00 00 43 A9 6F 00 40 00 00 00 42 00 00 00 42 00 00 00 80 00 00 00 1F 0F 10
AA 14 02 10 00
AA 14 02 10 01 AA 14 1F 51 1B 50 9C 48
01 00 00 43 AD 18 80 40 00 00 00 42 00 00 00 42 00 00 00 80 00 00 00 1F 0F 10
AA 14 1F 51 1B 52 21 9C 01 00 00 43 AD 18 80 40 00 00 00 42 00 00 00 42 00 00 00 80 00 00 00 1F 0F 10
AA 14 1F 51 1B 53 AA E0 01 00 00 43 AC 7C 40 40 00 00 00 42 00 00 00 42 00 00 00 80 00 00 00 1F 0F 10
AA 14 1F 51 1B 55 34 1C 01 00 00 43 AC 7C 40 40 00 00 00 42 00 00 00 42 00 00 00 80 00 00 00 1F 0F 10
AA 14 1F 51 1B 56 BD 54 01 00 00 43 AC 7C 40 40 00 00 00 42 00 00 00 42 00 00 00 80 00 00 00 1F 0F 10
AA 14 1F 51 1B 58 46 94 01 00 00 43 AB E0 00 40 00 00 00 42 00 00 00 42 00 00 00 80 00 00 00 1F 0F 10
AA 14 1F 51 1B 59 CF D4 01 00 00 43 AB E0 00 40 00 00 00 42 00 00 00 42 00 00 00 80 00 00 00 1F 0F 10
AA 14 1F 51 1B 5B 59 14
01 00 00 43 AB E0 00 40 00 00 00 42 00 00 00 42 00 00 00 80 00 00 00 1F 0F 10
AA 14 1F 51 1B 5C E2 4C 01 00 00 43 AB 43 C0 40 00 00 00 42 00 00 00 42 00 00 00 80 00 00 00 1F 0F 10
AA 14 1F 51 1B 5E 6B 8C 01 00 00 43 AA A7 80 40 00 00 00 42 00 00 00 42 00 00 00 80 00 00 00 1F 0F 10
AA 14 1F 51 1B 5F F4 CC 01 00 00 43 AA A7 80 40
00 00 00 42 00 00 00 42 00 00 00 80 00 00 00 1F 0F 10
AA 14 1F 51 1B 61 7E 0C 01 00 00 43 AA A7 80 40 00 00 00 42 00 00 00 42 00 00 00 80 00 00 00 1F 0F 10
AA 14 1F 51 1B 63 07 50 01 00 00 43 AA A7 80 40 00 00 00 42 00 00 00 42 00 00 00 80 00 00 00 1F 0F 10
AA 14 1F 51 1B 64 90 8C 01 00 00 43 AA A7 80 40 00 00 00 42 00 00 00 42 00 00 00 80 00 00 00 1F 0F 10
AA 14 1F 51 1B 66 19 CC 01 00 00 43 AA A7 80 40 00 00 00 42 00 00 00 42 00 00 00 80 00 00 00 1F 0F 10
AA 14 1F 51 1B 67 A3 10 01 00 00 43 AB 43 C0 40 00 00 00 42 00 00 00 42 00 00 00 80 00 00 00 1F 0F 10
AA 14 1F 51 1B 69 2C 4C 01 00 00 43 AB 43 C0 40 00 00 00 42 00 00 00 42 00 00 00 80 00 00 00 1F 0F 10
AA 14 1F 51 1B 6A B5 8C 01 00 00 43 AB 43 C0 40 00 00 00 42 00 00 00 42 00 00 00 80 00 00 00 1F 0F 10
AA 14 1F 51 1B 6C 3E D0 01 00 00 43 AB 43 C0 40 00 00 00 42 00 00 00 42 00 00 00 80 00 00 00 1F 0F 10
AA 14 1F 51 1B 6D C8 0C 01 00 00 43 AB E0 00 40 00 00 00 42 00 00 00 42 00 00 00 80 00 00 00 1F 0F 10
AA 14 1F 51 1B 6F 51 44 01 00 00 43 AB E0 00 40 00 00 00 42 00 00 00 42 00 00 00 80 00 00 00 1F 0F 10
AA 14 1F 51 1B 70 DA 84 01 00 00 43 AB E0 00 40 00 00 00 42 00 00 00 42 00 00 00 80 00 00 00 1F 0F 10
AA 14 1F 51 1B 72 63 C4 01 00 00 43 AB E0 00 40 00 00 00 42 00 00 00 42 00 00 00 80 00 00 00 1F 0F 10
AA 14 1F 51 1B 73 ED 04 01 00 00 43 AB 43 C0 40 00 00 00 42 00 00 00 42 00 00 00 80 00 00 00 1F 0F 10
AA 14 1F 51 1B 75 76 3C 01 00 00 43 AB 43 C0 40 00 00 00 42 00 00 00 42 00 00 00 80 00 00 00 1F 0F 10
AA 14 1F 51 1B 76 FF 7C 01 00 00 43 AB 43 C0 40 00 00 00 42 00 00 00 42 00 00 00 80 00 00 00 1F 0F 10
AA 14 1F 51 1B 78 88 BC 01 00 00 43 AA A7 80 40 00 00 00 42 00 00 00 42 00 00 00 80 00 00 00 1F 0F 10
AA 14 1F 51 1B 7A 11 FC 01 00 00 43 AA A7 80 40
00 00 00 42 00 00 00 42 00 00 00 80 00 00 00 1F 0F 10
AA 14 1F 51 1B 7B 9B 40 01 00 00 43 AA 0B 40 40 00 00 00 42 00 00 00 42 00 00 00 80 00 00 00 1F 0F 10
AA 14 1F 51 1B 7D 24 7C 01 00 00 43 AA 0B 40 40 00 00 00 42 00 00 00 42 00 00 00 80 00 00 00 1F 0F 10
AA 14 1F 51 1B 7E AD B4 01 00 00 43 AA 0B 40 40 00 00 00 42 00 00 00
42 00 00 00 80 00 00 00 1F 0F 10
AA 14 1F 51 1B 80 36 F8 01 00 00 43 A9 6F 00 40 00 00 00 42 00 00 00 42 00 00 00 80 00 00 00 1F 0F 10
AA 14 1F 51 1B 81 C0 34 01 00 00 43 A9 6F 00 40 00 00 00 42 00 00 00 42 00 00 00 80 00 00 00 1F 0F 10
AA 14 1F 51 1B 83 49 74 01 00 00 43 A9 6F 00 40 00 00 00 42 00 00 00 42 00 00 00 80 00 00 00
1F 0F 10
AA 14 1F 51 1B 84 D2 AC 01 00 00 43 A9 6F 00 40 00 00 00 42 00 00 00 42 00 00 00 80 00 00 00 1F 0F 10
AA 14 1F 51 1B 86 5B F4 01 00 00 43 AA 0B 40 40 00 00 00 42 00 00 00 42 00 00 00 80 00 00 00 1F 0F 10
AA 14 1F 51 1B 87 E5 34 01 00 00 43 AA 0B 40 40 00 00 00 42 00 00 00 42 00 00 00 80 00 00 00 1F 0F 10
AA 14 1F 51 1B 89 6E 74 01 00 00 43 AA A7 80 40 00 00 00 42 00 00 00 42 00 00 00 80 00 00 00 1F 0F 10
AA 14
1F 51 1B 8A F7 B4 01 00 00 43 AA A7 80 40 00 00 00 42 00 00 00 42 00 00 00 80 00 00 00 1F 0F 10
AA 14 1F 51 1B 8C 80 EC 01 00 00 43 AA A7 80 40 00 00 00 42 00 00 00 42 00 00 00 80 00 00 00 1F 0F 10
AA 14 1F 51 1B 8E 0A 2C 01 00 00 43 AB 43 C0 40 00 00 00 42 00 00 00 42 00 00 00 80
00 00 00 1F 0F 10
AA 14 1F 51 1B 8F 93 70 01
00 00 43 AB 43 C0 40 00 00 00 42 00 00 00 42 00 00 00 80 00 00 00 1F 0F 10
AA 14 1F 51 1B 91 1C AC 01 00 00 43 AB 43 C0 40 00 00 00 42 00 00 00 42 00 00 00 80 00 00 00 1F 0F 10
AA 14 1F 51 1B 92 A5 E4 01 00 00 43 AB 43 C0 40 00 00 00 42 00 00 00 42 00 00 00 80 00 00 00 1F 0F 10
AA 14 1F 51 1B 94 2F 28 01 00 00 43 AB 43 C0 40 00 00 00 42 00 00 00 42 00 00 00 80 00 00 00 1F 0F 10
AA 14 1F 51 1B 95 B8 64 01 00 00 43 AB 43 C0 40 00 00 00 42 00 00 00 42 00 00 00 80 00 00 00 1F 0F 10
AA 14 1F 51 1B 97 41 A4 01 00 00 43 AA A7 80 40 00 00 00 42 00 00 00 42 00 00 00 80 00 00 00 1F 0F 10
AA 14 1F 51 1B 98 CA E8 01 00 00 43 AA A7 80 40 00 00 00 42 00 00 00
42 00 00 00 80 00 00 00 1F 0F 10
AA 14 1F 51 1B 9A
54 24 01 00 00 43 AA 0B 40 40 00 00 00 42 00 00 00 42 00 00 00 80 00 00 00 1F 0F 10
AA 14 1F 51 1B 9B DD 64 01 00 00 43 AA 0B 40 40 00 00 00 42 00 00 00 42 00 00 00 80 00 00 00 1F 0F 10
AA 14 1F 51 1B 9D 66 9C 01 00 00 43 AA 0B 40 40 00 00 00 42 00 00 00 42 00 00 00 80 00 00 00
1F 0F 10
AA 14 1F 51 1B 9E EF DC 01 00 00 43 A9
6F 00 40 00 00 00 42 00 00 00 42 00 00 00 80 00 00 00 1F 0F 10
AA 14 1F 51 1B A0 79 1C 01 00 00 43 A9 6F 00 40 00 00 00 42 00 00 00 42 00 00 00 80 00 00 00 1F 0F 10
AA 14 1F 51 1B A2 02 5C 01 00 00 43 A9 6F 00 40 00 00 00 42 00 00 00 42 00 00 00 80 00 00 00 1F 0F 10
AA 14 1F 51 1B A3 8B 9C 01 00 00 43 A9 6F 00 40 00 00 00 42 00
00 00 42 00 00 00 80 00 00 00 1F 0F 10
AA 14 1F 51 1B A5 14 DC 01 00 00 43 A9 6F 00 40 00 00 00 42 00 00 00 42 00 00 00 80 00 00 00 1F 0F 10
AA 14 1F 51 1B A6 9E 1C 01 00 00 43 AA 0B 40 40 00 00 00 42 00 00 00 42 00 00 00 80 00 00 00 1F 0F 10
AA 14 1F 51 1B A8 27 60 01 00 00 43 AA 0B 40 40 00 00 00 42 00 00 00 42 00 00 00 80 00 00 00 1F 0F 10
AA 14 1F 51 1B A9 B0 9C 01 00
00 43 AA A7 80 40 00 00 00 42 00 00 00 42 00 00 00 80 00 00 00 1F 0F 10
AA 14 1F 51 1B AB 39 DC 01 00 00 43 AA A7 80 40 00 00 00 42 00 00 00 42 00 00 00 80 00 00 00 1F 0F 10
AA 14 1F 51 1B AC C3 20 01 00 00 43 AB 43 C0 40 00 00 00 42 00 00 00 42 00 00 00 80 00 00 00 1F 0F 10
AA 14 1F 51 1B AE 4C 5C 01 00 00 43 AB 43 C0 40 00 00 00 42 00 00 00 42 00 00 00 80 00 00 00 1F 0F 10
AA 14 1F 51 1B AF D5 94 01 00 00 43 AB 43 C0 40 00 00 00 42 00 00 00 42 00 00 00 80 00 00 00 1F 0F 10
AA 14 1F 51 1B B1 5E D8 01 00 00 43 AB 43 C0 40 00 00 00 42 00 00 00 42 00 00 00 80 00 00 00 1F 0F 10
AA 14 1F 51 1B B2 E8 14 01 00 00 43 AB E0 00 40 00 00 00 42 00 00 00 42 00 00 00 80 00 00 00 1F 0F 10
AA 14 1F 51 1B B4
71 4C 01 00 00 43 AB 43 C0 40 00 00 00 42 00 00 00 42 00 00 00 80 00 00 00 1F 0F 10
AA 14 1F 51 1B B5 FA 8C 01 00 00 43 AB 43 C0 40 00 00 00 42 00 00 00 42 00 00 00 80 00 00 00 1F 0F 10
AA 14 1F 51 1B B7 83 CC 01 00 00 43 AB 43 C0 40 00 00 00 42 00 00 00 42 00 00 00 80 00 00 00 1F 0F 10
AA 14 1F 51 1B B9 0D 04 01 00 00 43 AA A7
80 40 00 00 00 42 00 00 00 42 00 00 00 80 00 00 00 1F 0F 10
AA 14 1F 51 1B BA 96 3C 01 00 00 43 AA A7 80 40 00 00 00 42 00 00 00 42 00 00 00 80 00 00 00 1F 0F 10
AA 14 1F 51 1B BC 1F 7C 01 00 00 43 AA 0B 40 40 00 00 00 42 00 00 00 42 00 00 00 80 00 00 00 1F 0F 10
AA 14 1F 51 1B BD A8 BC 01 00 00 43 AA 0B 40 40 00 00 00 42 00
00 00 42 00 00 00 80 00 00 00 1F 0F 10
AA 14 1F 51
1B BF 31 FC 01 00 00 43 A9 6F 00 40 00 00 00 42 00 00 00 42 00 00 00 80 00 00 00 1F 0F 10
AA 14 1F 51 1B C0 BB 40 01 00 00 43 A9 6F 00 40 00 00 00 42 00 00 00 42 00 00 00 80 00 00 00 1F 0F 10
AA 14 1F 51 1B C2 44 7C 01 00 00 43 A9 6F 00 40 00 00 00 42 00 00 00 42 00 00 00 80
00 00 00 1F 0F 10
AA 14 1F 51 1B C3 CD BC 01 00 00 43 A9 6F 00 40 00 00 00 42 00 00 00 42 00 00 00 80 00 00 00 1F 0F 10
AA 14 1F 51 1B C5 57 00 01 00 00 43 A9 6F 00 40 00 00 00 42 00 00 00 42 00 00 00 80 00 00 00 1F 0F 10
AA 14 1F 51 1B C6 E0 3C 01 00 00 43 A9 6F 00 40 00 00 00 42 00 00 00 42 00 00 00 80 00 00 00 1F 0F 10
AA 14 1F 51 1B C8 69 7C 01 00 00 43 A9 6F 00 40 00 00 00 42 00 00 00 42 00 00 00 80 00 00 00 1F 0F 10
AA 14 1F 51 1B C9 F2 BC 01 00 00 43 AA 0B 40 40 00 00 00 42 00 00 00 42 00 00 00 80 00 00 00 1F 0F 10
AA 14 1F 51 1B CB 7B FC 01 00 00 43 AA 0B 40 40 00 00 00 42 00 00 00 42 00 00 00 80 00 00 00 1F 0F 10
AA 14 1F 51 1B CD 05 34 01 00 00 43 AA 0B 40 40 00 00 00 42 00 00 00 42 00 00 00 80 00 00 00 1F 0F 10
AA 14 1F 51 1B CE 8E 74 01 00 00 43 AA A7 80 40 00 00 00 42 00 00 00 42 00 00 00 80 00 00 00 1F 0F 10
AA 14 1F 51 1B D0 17 B4 01 00 00 43 AA A7 80 40 00 00 00 42 00 00 00 42 00 00 00 80 00 00 00 1F 0F 10
AA 14 1F 51 1B D1 A0 EC 01 00 00 43 AB 43 C0 40 00 00 00 42 00 00 00 42 00 00 00 80 00 00 00 1F 0F 10
AA 14 1F 51 1B D3 2A 2C 01 00 00 43 AB 43
C0 40 00 00 00 42 00 00 00 42 00 00 00 80 00 00 00 1F 0F 10
AA 14 1F 51 1B D4 B3 70 01 00 00 43 AB 43 C0 40 00 00 00 42 00 00 00 42 00 00 00 80 00 00 00 1F 0F 10
AA 14 1F 51 1B D6 3C AC 01 00 00 43 AB 43 C0 40 00 00 00 42 00 00 00 42 00 00 00 80 00 00 00 1F 0F 10
AA 14 1F 51 1B D7 C5 E4 01 00 00 43 AB 43 C0 40 00 00 00 42 00 00
00 42 00 00 00 80 00 00 00 1F 0F 10
AA 14 1F 51
1B D9 4F 28 01 00 00 43 AB 43 C0 40 00 00 00 42 00 00 00 42 00 00 00 80 00 00 00 1F 0F 10
AA 14 1F 51 1B DA D8 64 01 00 00 43 AA A7 80 40 00 00 00 42 00 00 00 42 00 00 00 80 00 00 00 1F 0F 10
AA 14 1F 51 1B DC 61 A4 01 00 00 43 AA A7 80 40 00 00 00 42 00 00 00 42 00 00 00 80 00
00 00 1F 0F 10
AA 14 1F 51 1B DD EA E8 01 00 00 43 AA A7 80 40 00 00 00 42 00 00 00 42 00 00 00 80 00 00 00 1F 0F 10
AA 14 1F 51 1B DF 74 24 01 00 00 43 AA 0B 40 40 00 00 00 42 00 00 00 42 00 00 00 80 00 00 00 1F 0F 10
AA 14 1F 51 1B E0 FD 64 01 00 00 43 AA 0B 40 40 00 00 00 42 00 00 00 42 00 00 00 80 00 00 00 1F 0F 10
AA 14 1F 51 1B E2 86 9C 01 00 00 43 AA 0B 40 40 00 00 00 42 00 00 00 42 00 00 00 80 00 00 00 1F 0F 10
AA 14 1F 51 1B E4 0F DC 01 00 00 43 A9 6F 00 40 00 00 00 42 00 00 00 42 00 00 00 80 00 00 00 1F 0F 10
AA 14 1F 51 1B E5 99 1C 01 00 00 43 A9 6F 00 40 00 00 00 42 00 00 00 42 00 00 00 80 00 00 00 1F 0F 10
AA 14 1F 51 1B E7 22 5C 01 00 00 43 AA 0B 40 40 00 00 00 42 00 00 00 42 00 00 00 80 00 00 00 1F 0F 10
AA 14 1F 51 1B E8 AB
9C 01 00 00 43 AA 0B 40 40 00 00 00 42 00 00 00 42 00 00 00 80 00 00 00 1F 0F 10
AA 14 1F 51 1B EA 34 DC 01 00 00 43 AA 0B 40 40 00 00 00 42 00 00 00 42 00 00 00 80 00 00 00 1F 0F 10
AA 14 1F 51 1B EB BE 1C 01 00 00 43 AA 0B 40 40 00 00 00 42 00 00 00 42 00 00 00 80 00 00 00 1F 0F
10
AA 14 1F 51 1B ED 47 60 01 00 00 43 AA A7 80
40 00 00 00 42 00 00 00 42 00 00 00 80 00 00 00 1F 0F 10
AA 14 1F 51 1B EE D0 9C 01 00 00 43 AA A7 80 40 00 00 00 42 00 00 00 42 00 00 00 80 00 00 00 1F 0F 10
AA 14 1F 51 1B F0 59 DC 01 00 00 43 AA A7 80 40 00 00 00 42 00 00 00 42 00 00 00 80 00 00 00 1F 0F 10
AA 14 1F 51 1B F1 E3 20 01 00 00 43 AB 43 C0 40 00 00 00 42 00 00
00 42 00 00 00 80 00 00 00 1F 0F 10
AA 14 1F 51 1B F3 6C 5C 01 00 00 43 AB 43 C0 40 00 00 00 42 00 00 00 42 00 00 00 80 00 00 00 1F 0F 10
AA 14 1F 51 1B F4 F5 94 01 00 00 43 AB 43 C0 40 00 00 00 42 00 00 00 42 00 00 00 80 00 00 00 1F 0F 10
AA 14 1F 51 1B F6 7E D8 01 00 00 43 AB 43 C0 40 00 00 00 42 00 00 00 42 00 00 00 80 00
00 00 1F 0F 10
AA 14 1F 51 1B F8 08 14 01 00 00 43 AA A7 80 40 00 00 00 42 00 00 00 42 00 00 00 80 00 00 00 1F 0F 10
AA 14 1F 51 1B F9 91 4C 01 00 00 43 AA A7 80 40 00 00 00 42 00 00 00 42 00 00 00 80 00 00 00 1F 0F 10
AA 14 1F 51 1B FB 1A 8C 01 00 00 43 AA A7 80 40 00 00 00 42 00 00 00 42 00 00 00 80 00 00 00 1F 0F 10
AA 14 1F 51 1B FC A3 CC 01 00 00 43 AA A7 80 40 00 00 00 42 00 00 00 42 00 00 00 80 00 00 00 1F 0F 10
AA 14 1F 51 1B FE 2D 0C 01 00 00 43 AA 0B 40 40 00 00 00 42 00 00 00 42 00 00 00 80 00 00 00 1F 0F 10
AA 14 1F 51 1B FF B6 44 01 00 00 43 AA 0B 40 40 00 00 00 42 00 00 00 42 00 00 00 80 00 00 00 1F 0F 10
AA 14 1F 51 1C 01 3F 84 01 00 00 43 AA 0B 40 40 00 00 00 42 00 00 00 42 00 00 00 80 00 00 00 1F 0F 10
AA 14 1F 51 1C 02 C8 C4 01 00 00 43 AA 0B 40 40 00 00 00 42 00 00 00 42 00 00 00 80 00 00 00 1F 0F 10
AA 14 1F 51 1C 04 51 FC 01 00 00 43 A9 6F 00 40 00 00 00 42 00 00 00 42 00 00 00 80 00 00 00 1F 0F 10
AA 14 1F 51 1C 05 DB 40 01 00 00 43 A9 6F 00 40 00 00 00 42 00 00 00 42 00 00 00 80 00 00 00 1F 0F
10
AA 14 1F 51 1C 07 64 7C 01 00 00 43 AA 0B 40 40 00 00 00 42 00 00 00 42 00 00 00 80 00 00 00 1F 0F 10
AA 14 1F 51 1C 08 ED BC 01 00 00 43 AA 0B 40 40 00 00 00 42 00 00 00 42 00 00 00 80 00 00 00 1F 0F 10
AA 14 1F 51 1C 0A 77 00 01 00 00 43 AA 0B 40 40 00 00 00 42 00 00 00 42 00 00 00 80 00 00 00 1F 0F 10
AA 14 1F 51 1C 0C 00 3C 01 00 00 43 AA A7 80 40 00 00 00 42 00 00 00
42 00 00 00 80 00 00 00 1F 0F 10
AA 14 1F 51
1C 0D 89 7C 01 00 00 43 AA A7 80 40 00 00 00 42 00 00 00 42 00 00 00 80 00 00 00 1F 0F 10
AA 14 1F 51 1C 0F 12 BC 01 00 00 43 AB 43 C0 40 00 00 00 42 00 00 00 42 00 00 00 80 00 00 00 1F 0F 10
AA 14 1F 51 1C 10 9B FC 01 00 00 43 AB 43 C0 40 00 00 00 42 00 00 00 42 00 00 00 80 00 00 00
1F 0F 10
AA 14 1F 51 1C 12 25 3C 01 00 00 43 AB 43 C0 40 00 00 00 42 00 00 00 42 00 00 00 80 00 00 00 1F 0F 10
AA 14 1F 51 1C 13 AE 7C 01 00 00 43 AB E0 00 40 00 00 00 42 00 00 00 42 00 00 00 80 00 00 00 1F 0F 10
AA 14 1F 51 1C 15 37 BC 01 00 00 43 AB E0 00 40 00 00 00 42 00 00 00 42 00 00 00 80 00 00 00 1F 0F 10
AA 14 1F 51 1C 16 C0 FC 01 00 00 43 AB E0 00 40 00 00 00 42 00 00 00 42 00 00 00 80 00 00 00 1F 0F 10
AA 14 1F 51 1C 18 4A 34 01 00 00 43 AB E0 00 40 00 00 00 42 00 00 00 42 00 00 00 80 00 00 00 1F 0F 10
AA 14 1F 51 1C 19 D3 78 01 00 00 43 AB 43 C0 40 00 00 00 42 00 00 00 42 00 00 00 80 00 00 00 1F 0F 10
AA 14 1F 51 1C 1B 5C B4 01 00 00 43 AB 43 C0 40 00 00 00 42 00 00 00 42 00 00 00 80 00 00 00 1F 0F 10
AA 14 1F 51 1C 1C E5 F4 01 00 00 43 AB 43 C0 40 00 00 00 42 00 00 00 42 00 00 00 80 00 00 00 1F 0F 10
AA 14 1F 51 1C 1E 6F 38 01 00 00 43 AA A7 80 40 00 00 00 42 00 00 00 42 00 00 00 80 00 00 00 1F 0F 10
AA 14 1F 51 1C 1F F8 74 01 00 00 43 AA A7 80 40 00 00 00 42 00 00 00 42 00 00 00 80 00 00 00 1F 0F
10
AA 14 1F 51 1C 21 81 AC 01 00 00 43 AA A7 80 40 00 00 00 42 00 00 00 42 00 00 00 80 00 00 00 1F 0F 10
AA 14 1F 51 1C 23 0A F0 01 00 00 43 AA 0B 40 40 00 00 00 42 00 00 00 42 00 00 00 80 00 00 00 1F 0F 10
AA 14 1F 51 1C 24 94 2C 01 00 00 43 AA 0B 40 40 00 00 00 42 00 00 00 42 00 00 00 80 00 00 00 1F 0F 10
AA 14 1F 51 1C 26 1D 6C 01 00 00 43 AA 0B 40 40 00 00 00 42 00 00 00
42 00 00 00 80 00 00 00 1F 0F 10
AA 14 1F 51 1C 27 A6 AC 01 00 00 43 AA 0B 40 40 00 00 00 42 00 00 00 42 00 00 00 80 00 00 00 1F 0F 10
AA 14 1F 51 1C 29 2F F4 01 00 00 43 AA 0B 40 40 00 00 00 42 00 00 00 42 00 00 00 80 00 00 00 1F 0F 10
AA 14 1F 51 1C 2A B9 34 01 00 00 43 AA 0B 40 40 00 00 00 42 00 00 00 42 00 00 00 80 00 00 00
1F 0F 10
AA 14 1F 51 1C 2C 42 74 01 00 00 43 AA 0B 40 40 00 00 00 42 00 00 00 42 00 00 00 80 00 00 00 1F 0F 10
AA 14 1F 51 1C 2D CB B4 01 00 00 43 AA A7 80 40 00 00 00 42 00 00 00 42 00 00 00 80 00 00 00 1F 0F 10
AA 14 1F 51 1C 2F 54 EC 01 00 00 43 AA A7 80 40 00 00 00 42 00 00 00 42 00 00 00 80 00 00 00 1F 0F 10
AA 14 1F 51 1C 30 DE 2C 01 00 00 43 AA A7 80 40 00 00 00 42 00 00 00 42 00 00 00 80 00 00 00 1F 0F 10
AA 14
1F 51 1C 32 67 70 01 00 00 43 AB 43 C0 40 00 00 00 42 00 00 00 42 00 00 00 80 00 00 00 1F 0F 10
AA 14 1F 51 1C 33 F0 AC 01 00 00 43 AB 43 C0 40 00 00 00 42 00 00 00 42 00 00 00 80 00 00 00 1F 0F 10
AA 14 1F 51 1C 35 79 E4 01 00 00 43 AB 43 C0 40 00 00 00 42 00 00 00 42 00 00 00
80 00 00 00 1F 0F 10
AA 14 1F 51 1C 37 03 28 01 00
00 43 AB E0 00 40 00 00 00 42 00 00 00 42 00 00 00 80 00 00 00 1F 0F 10
AA 14 1F 51 1C 38 8C 64 01 00 00 43 AB 43 C0 40 00 00 00 42 00 00 00 42 00 00 00 80 00 00 00 1F 0F 10
AA 14 1F 51 1C 3A 15 9C 01 00 00 43 AB 43 C0 40 00 00 00 42 00 00 00 42 00 00 00 80 00 00 00 1F 0F 10
AA 14 1F 51 1C 3B 9E E0 01 00 00 43 AB 43 C0 40 00 00 00 42 00 00 00 42 00 00 00 80 00 00 00 1F 0F 10
AA 14 1F 51 1C 3D 28 1C 01 00 00 43 AA A7 80 40 00 00 00 42 00 00 00 42 00 00 00 80 00 00 00 1F 0F 10
AA 14 1F 51 1C 3E B1 5C 01 00 00 43 AA A7 80 40 00 00 00 42 00 00 00 42 00 00 00 80 00 00 00 1F 0F 10
AA 14 1F 51 1C 40 3A 9C 01 00 00 43 AA 0B 40 40 00 00 00 42 00 00 00 42 00 00 00 80 00 00 00 1F 0F 10
AA 14 1F 51 1C 41 C3 DC 01 00 00 43 AA 0B 40 40 00 00 00 42 00 00 00 42 00 00 00 80 00 00 00 1F 0F 10
AA 14 1F 51 1C 43 4D 1C 01 00 00 43 A9 6F 00 40 00 00 00 42 00 00 00 42 00 00 00 80 00 00 00 1F 0F 10
AA 14 1F 51 1C 44 D6 5C 01 00 00 43 A9 6F 00 40 00 00 00 42 00 00 00 42 00 00 00 80 00 00 00 1F 0F 10
AA 14 1F 51 1C 46 5F 9C 01 00 00 43 A9
6F 00 40 00 00 00 42 00 00 00 42 00 00 00 80 00 00 00 1F 0F 10
AA 14 1F 51 1C 47 E8 DC 01 00 00 43 A8 D2 C0 40 00 00 00 42 00 00 00 42 00 00 00 80 00 00 00 1F 0F 10
AA 14 1F 51 1C 49 72 1C 01 00 00 43 A9 6F 00 40 00 00 00 42 00 00 00 42 00 00 00 80 00 00 00 1F 0F 10
AA 14 1F 51 1C 4A FB 60 01 00 00 43 A9 6F 00 40 00 00 00 42
00 00 00 42 00 00 00 80 00 00 00 1F 0F 10
AA 14
1F 51 1C 4C 84 9C 01 00 00 43 A9 6F 00 40 00 00 00 42 00 00 00 42 00 00 00 80 00 00 00 1F 0F 10
AA 14 1F 51 1C 4E 0D DC 01 00 00 43 A9 6F 00 40 00 00 00 42 00 00 00 42 00 00 00 80 00 00 00 1F 0F 10
AA 14 1F 51 1C 4F 97 20 01 00 00 43 AA 0B 40 40 00 00 00 42 00 00 00 42 00 00 00 80
00 00 00 1F 0F 10
AA 14 1F 51 1C 51 20 5C 01 00 00 43 AA 0B 40 40 00 00 00 42 00 00 00 42 00 00 00 80 00 00 00 1F 0F 10
AA 14 1F 51 1C 52 A9 94 01 00 00 43 AA A7 80 40 00 00 00 42 00 00 00 42 00 00 00 80 00 00 00 1F 0F 10
AA 14 1F 51 1C 54 32 D8 01 00 00 43 AA A7 80 40 00 00 00 42 00 00 00 42 00 00 00 80 00 00 00 1F 0F 10
AA 14 1F 51 1C 55 BC 14 01 00 00 43 AA A7 80 40 00 00 00 42 00 00 00 42 00 00 00 80 00 00 00 1F 0F 10
AA 14 1F 51 1C 57 45 4C 01 00 00 43 AB 43 C0 40 00 00 00 42 00 00 00 42 00 00 00 80 00 00 00 1F 0F 10
AA 14 1F 51 1C 58 CE 84 01 00 00 43 AB 43 C0 40 00 00 00 42 00 00 00 42 00 00 00 80 00 00 00 1F 0F 10
AA 14 1F 51 1C 5A 57 C4 01 00 00 43 AB 43 C0 40 00 00 00 42 00 00 00 42 00 00 00 80 00 00 00 1F 0F 10
AA 14 1F 51 1C 5B
E0 FC 01 00 00 43 AB 43 C0 40 00 00 00 42 00 00 00 42 00 00 00 80 00 00 00 1F 0F 10
AA 14 1F 51 1C 5D 6A 3C 01 00 00 43 AA A7 80 40 00 00 00 42 00 00 00 42 00 00 00 80 00 00 00 1F 0F 10
AA 14 1F 51 1C 5E F3 7C 01 00 00 43 AA A7 80 40 00 00 00 42 00 00 00 42 00 00 00 80 00 00 00
1F 0F 10
AA 14 1F 51 1C 60 7C BC 01 00 00 43 AA
0B 40 40 00 00 00 42 00 00 00 42 00 00 00 80 00 00 00 1F 0F 10
AA 14 1F 51 1C 62 05 F4 01 00 00 43 AA 0B 40 40 00 00 00 42 00 00 00 42 00 00 00 80 00 00 00 1F 0F 10
AA 14 1F 51 1C 63 8F 38 01 00 00 43 A9 6F 00 40 00 00 00 42 00 00 00 42 00 00 00 80 00 00 00 1F 0F 10
AA 14 1F 51 1C 65 18 74 01 00 00 43 A9 6F 00 40 00 00 00 42 00 00 00 42 00 00 00 80 00 00 00 1F 0F 10
AA 14 1F 51 1C 66 A1 B4 01 00 00 43 A9 6F 00 40 00 00 00 42 00 00 00 42 00 00 00 80 00 00 00 1F 0F 10
AA 14 1F 51 1C 68 2A F8 01 00 00 43 A8 D2 C0 40 00 00 00 42 00 00 00 42 00 00 00 80 00 00 00 1F 0F 10
AA 14 1F 51 1C 69 B4 34 01 00 00 43 A8 D2 C0 40 00 00 00 42 00 00 00 42 00 00 00 80 00 00 00 1F 0F 10
AA 14 1F 51 1C 6B 3D 74 01 00 00 43 A8 D2 C0 40 00 00 00 42 00 00 00 42 00 00 00 80 00 00 00 1F 0F 10
AA 14 1F 51 1C 6C C6 B4 01 00 00 43 A8 D2 C0 40 00 00 00 42 00 00 00 42 00 00 00 80 00 00 00 1F 0F 10
AA 14 1F 51 1C 6E 4F F4 01 00 00 43 A9 6F 00 40 00 00 00 42 00 00 00 42 00 00 00 80 00 00 00 1F 0F 10
AA 14 1F 51 1C 6F D9 34 01 00 00 43 A9 6F 00 40 00 00 00 42 00 00 00 42 00 00 00 80 00 00 00 1F 0F 10
AA 14 1F 51 1C 71 62 74 01 00 00 43 AA 0B 40 40 00 00 00 42 00 00 00 42 00 00 00 80 00 00 00 1F 0F 10
AA 14 1F 51 1C 72 EB B4 01 00 00 43 AA 0B 40 40 00 00 00 42 00 00 00 42 00 00 00 80 00 00 00 1F 0F 10
AA 14 1F 51 1C 74 74 EC 01 00 00 43 AA 0B 40 40 00 00 00 42 00 00 00 42 00 00 00 80 00 00 00 1F 0F 10
AA 14 1F 51 1C 75
FE 2C 01 00 00 43 AA A7 80 40 00 00 00 42 00 00 00 42 00 00 00 80 00 00 00 1F 0F 10
AA 14 1F 51 1C 77 87 70 01 00 00 43 AA A7 80 40 00 00 00 42 00 00 00 42 00 00 00 80 00 00 00 1F 0F 10
AA 14 1F 51 1C 79 10 AC 01 00 00 43 AA A7 80 40 00 00 00 42 00 00 00 42 00 00 00 80 00 00 00 1F
0F 10
AA 14 1F 51 1C 7A 99 E4 01 00 00 43 AA A7
80 40 00 00 00 42 00 00 00 42 00 00 00 80 00 00 00 1F 0F 10
AA 14 1F 51 1C 7C 23 28 01 00 00 43 AA A7 80 40 00 00 00 42 00 00 00 42 00 00 00 80 00 00 00 1F 0F 10
AA 14 1F 51 1C 7D AC 64 01 00 00 43 AA A7 80 40 00 00 00 42 00 00 00 42 00 00 00 80 00 00 00 1F 0F 10
AA 14 1F 51 1C 7F 35 A4 01 00 00 43 AA A7 80 40 00 00 00 42 00 00 00 42 00 00 00 80 00 00 00 1F 0F 10
AA 14 1F
51 1C 80 BE E8 01 00 00 43 AA 0B 40 40 00 00 00 42 00 00 00 42 00 00 00 80 00 00 00 1F 0F 10
AA 14 1F 51 1C 82 48 24 01 00 00 43 AA 0B 40 40 00 00 00 42 00 00 00 42 00 00 00 80 00 00 00 1F 0F 10
AA 14 1F 51 1C 83 D1 64 01 00 00 43 A9 6F 00 40 00 00 00 42 00 00 00 42 00 00 00 80 00
00 00 1F 0F 10
AA 14 1F 51 1C 85 5A A4 01 00 00
43 A9 6F 00 40 00 00 00 42 00 00 00 42 00 00 00 80 00 00 00 1F 0F 10
AA 14 1F 51 1C 86 E3 EC 01 00 00 43 A9 6F 00 40 00 00 00 42 00 00 00 42 00 00 00 80 00 00 00 1F 0F 10
AA 14 1F 51 1C 88 6D 2C 01 00 00 43 A8 D2 C0 40 00 00 00 42 00 00 00 42 00 00 00 80 00 00 00 1F 0F 10
AA 14 1F 51 1C 89 F6 6C 01 00 00 43 A8 D2 C0 40 00 00
00 42 00 00 00 42 00 00 00 80 00 00 00 1F 0F 10
AA 14 1F 51 1C 8B 7F AC 01 00 00 43 A8 D2 C0 40 00 00 00 42 00 00 00 42 00 00 00 80 00 00 00 1F 0F 10
AA 14 1F 51 1C 8D 08 E4 01 00 00 43 A8 D2 C0 40 00 00 00 42 00 00 00 42 00 00 00 80 00 00 00 1F 0F 10
AA 14 1F 51 1C 8E 92 24 01 00 00 43 A8 D2 C0 40 00 00 00 42 00 00 00 42 00
00 00 80 00 00 00 1F 0F 10
AA 14 1F 51 1C 90 1B 68 01 00 00 43 A9 6F 00 40 00 00 00 42 00 00 00 42 00 00 00 80 00 00 00 1F 0F 10
AA 14 1F 51 1C 91 A4 A4 01 00 00 43 A9 6F 00 40 00 00 00 42 00 00 00 42 00 00 00 80 00 00 00 1F 0F 10
AA 14 1F 51 1C 93 2D E4 01 00 00 43 A9 6F 00 40 00 00 00 42 00 00 00 42 00 00 00 80 00 00 00 1F 0F 10
AA 14 1F 51 1C 94 B7 28 01 00 00 43 AA 0B 40 40 00 00 00 42 00 00 00 42 00 00 00 80 00 00 00 1F 0F 10
AA 14 1F 51 1C 96 40 64 01 00 00 43 AA 0B 40 40 00 00 00 42 00 00 00 42 00 00 00 80 00 00 00 1F 0F 10
AA 14 1F 51 1C 97 C9 9C 01 00 00 43 AA A7 80 40 00 00 00 42 00 00 00 42 00 00 00 80 00 00 00 1F 0F 10
AA 14 1F 51 1C 99 52 E0 01 00 00 43 AA A7 80 40 00 00 00 42 00 00 00 42 00 00 00 80 00 00 00 1F 0F 10
AA 14 1F
51 1C 9A DC 1C 01 00 00 43 AA A7 80 40 00 00 00 42 00 00 00 42 00 00 00 80 00 00 00 1F 0F 10
AA 14 1F 51 1C 9C 65 5C 01 00 00 43 AA A7 80 40 00 00 00 42 00 00 00 42 00 00 00 80 00 00 00 1F 0F 10
AA 14 1F 51 1C 9D EE 9C 01 00 00 43 AA A7 80 40 00 00 00 42 00 00 00 42 00 00 00 80
00 00 00 1F 0F 10
AA 14 1F 51 1C 9F 77 DC 01 00
00 43 AA A7 80 40 00 00 00 42 00 00 00 42 00 00 00 80 00 00 00 1F 0F 10
AA 14 1F 51 1C A1 01 1C 01 00 00 43 AA A7 80 40 00 00 00 42 00 00 00 42 00 00 00 80 00 00 00 1F 0F 10
AA 14 1F 51 1C A2 8A 5C 01 00 00 43 AA 0B 40 40 00 00 00 42 00 00 00 42 00 00 00 80 00 00 00 1F 0F 10
AA 14 1F 51 1C A4 13 9C 01 00 00 43 AA 0B 40 40 00 00
00 42 00 00 00 42 00 00 00 80 00 00 00 1F 0F 10
AA 14 1F 51 1C A5 9C DC 01 00 00 43 A9 6F 00 40 00 00 00 42 00 00 00 42 00 00 00 80 00 00 00 1F 0F 10
AA 14 1F 51 1C A7 26 1C 01 00 00 43 A9 6F 00 40 00 00 00 42 00 00 00 42 00 00 00 80 00 00 00 1F 0F 10
AA 14 1F 51 1C A8 AF 60 01 00 00 43 A9 6F 00 40 00 00 00 42 00 00 00 42 00 00 00 80 00 00 00 1F 0F 10
AA 14 1F 51 1C AA 38 9C 01 00 00 43 A8 D2 C0 40 00 00 00 42 00 00 00 42 00 00 00 80 00 00 00 1F 0F 10
AA 14 1F 51 1C AB C1 DC 01 00 00 43 A8 D2 C0 40 00 00 00 42 00 00 00 42 00 00 00 80 00 00 00 1F 0F 10
AA 14 1F 51 1C AD 4B 20 01 00 00 43 A8 D2 C0 40 00 00 00 42 00 00 00 42 00 00 00 80 00 00 00 1F 0F 10
AA 14 1F 51 1C AE D4 5C 01 00 00 43 A8 D2 C0 40 00 00 00 42 00 00 00 42 00 00 00 80 00 00 00 1F 0F 10
AA 14 1F 51 1C B0 5D 94 01 00 00 43 A8 D2 C0 40 00 00 00 42 00 00 00 42 00 00 00 80 00 00 00 1F 0F 10
AA 14 1F 51 1C B1 E6 D8 01 00 00 43 A9 6F 00 40 00 00 00 42 00 00 00 42 00 00 00 80 00 00 00 1F 0F 10
AA 14 1F 51 1C B3 70 14 01 00 00 43 A9 6F 00 40 00 00 00 42 00 00 00 42 00 00 00 80 00 00 00 1F 0F 10
AA 14 1F 51 1C B4 F9 4C 01 00 00 43 AA 0B 40 40 00 00 00 42 00 00 00 42 00 00 00 80 00 00 00 1F 0F 10
AA 14 1F 51 1C B6 82 8C 01 00 00 43 AA 0B 40 40 00 00 00 42 00 00 00 42 00 00 00 80 00 00 00 1F 0F 10
AA 14 1F 51 1C B8 0B CC 01 00 00 43 AA 0B 40 40 00 00 00 42 00 00 00 42 00 00 00 80 00 00 00 1F 0F 10
AA 14 1F 51 1C B9 95 04 01 00 00 43
AA 0B 40 40 00 00 00 42 00 00 00 42 00 00 00 80 00 00 00 1F 0F 10
AA 14 1F 51 1C BB 1E 3C 01 00 00 43 AA A7 80 40 00 00 00 42 00 00 00 42 00 00 00 80 00 00 00 1F 0F 10
AA 14 1F 51 1C BC A7 7C 01 00 00 43 AA A7 80 40 00 00 00 42 00 00 00 42 00 00 00 80 00 00 00 1F 0F 10
AA 14 1F 51 1C BE 30 BC 01 00 00 43 AA A7 80 40 00 00
00 42 00 00 00 42 00 00 00 80 00 00 00 1F 0F 10
AA
14 1F 51 1C BF B9 FC 01 00 00 43 AA A7 80 40 00 00 00 42 00 00 00 42 00 00 00 80 00 00 00 1F 0F 10
AA 14 1F 51 1C C1 43 40 01 00 00 43 AA A7 80 40 00 00 00 42 00 00 00 42 00 00 00 80 00 00 00 1F 0F 10
AA 14 1F 51 1C C2 CC 7C 01 00 00 43 AA A7 80 40 00 00 00 42 00 00 00 42 00
00 00 80 00 00 00 1F 0F 10
AA 14 1F 51 1C C4 55 BC 01 00 00 43 AA 0B 40 40 00 00 00 42 00 00 00 42 00 00 00 80 00 00 00 1F 0F 10
AA 14 1F 51 1C C5 DF 00 01 00 00 43 AA 0B 40 40 00 00 00 42 00 00 00 42 00 00 00 80 00 00 00 1F 0F 10
AA 14 1F 51 1C C7 68 3C 01 00 00 43 A9 6F 00 40 00 00 00 42 00 00 00 42 00 00 00 80 00 00 00 1F 0F 10
AA 14 1F 51 1C C8 F1 7C 01 00 00 43 A9 6F 00 40 00 00 00 42 00 00 00 42 00 00 00 80 00 00 00 1F 0F 10
AA 14 1F 51 1C CA 7A BC 01 00 00 43 A9 6F 00 40 00 00 00 42 00 00 00 42 00 00 00 80 00 00 00 1F 0F 10
AA 14 1F 51 1C CC 03 FC 01 00 00 43 A8 D2 C0 40 00 00 00 42 00 00 00 42 00 00 00 80 00 00 00 1F 0F 10
AA 14 1F 51 1C CD 8D 34 01 00 00 43 A8 D2 C0 40 00 00 00 42 00 00 00 42 00 00 00 80 00 00 00 1F 0F 10
AA 14 1F 51 1C CF 16 74 01 00 00 43 A8 D2 C0 40 00 00 00 42 00 00 00 42 00 00 00 80 00 00 00 1F 0F 10
AA 14 1F 51 1C D0 9F B4 01 00 00 43 A8 D2 C0 40 00 00 00 42 00 00 00 42 00 00 00 80 00 00 00 1F 0F 10
AA 14 1F 51 1C D2 28 EC 01 00 00 43 A8 D2 C0 40 00 00 00 42 00 00 00 42 00 00 00 80 00 00 00 1F 0F 10
AA 14 1F 51 1C D3 B2 2C 01 00 00 43 A8 D2 C0 40 00 00 00 42 00 00 00 42 00 00 00 80 00 00 00 1F 0F 10
AA 14 1F 51 1C D5 3B 70 01 00 00 43 A9 6F 00 40 00 00 00 42 00 00 00 42 00 00 00 80 00 00 00 1F 0F 10
AA 14 1F 51 1C D6 C4 AC 01 00 00 43 A9 6F 00 40 00 00 00 42 00 00 00 42 00 00 00 80 00 00 00 1F 0F 10
AA 14 1F 51 1C D8 4D E4 01 00 00 43 AA 0B 40 40 00 00 00
42 00 00 00 42 00 00 00 80 00 00 00 1F 0F 10
AA 14 1F 51 1C D9 D7 28 01 00 00 43 AA 0B 40 40 00 00 00 42 00 00 00 42 00 00 00 80 00 00 00 1F 0F 10
AA 14 1F 51 1C DB 60 64 01 00 00 43 AA 0B 40 40 00 00 00 42 00 00 00 42 00 00 00 80 00 00 00 1F 0F 10
AA 14 1F 51 1C DC E9 9C 01 00 00 43 AA A7 80 40 00 00 00 42 00 00 00 42 00 00 00 80 00 00 00 1F 0F 10
AA 14 1F 51 1C DE 72 E0 01 00 00 43 AA A7 80 40 00 00 00 42 00 00 00 42 00 00 00 80 00 00 00 1F 0F 10
AA 14 1F 51 1C DF FC 1C 01 00 00 43 AA A7 80 40 00 00 00 42 00 00 00 42 00 00 00 80 00 00 00 1F 0F 10
AA 14 1F 51 1C E1 85 5C 01 00 00 43 AA A7 80 40 00 00 00 42 00 00 00 42 00 00 00 80 00 00 00 1F 0F 10
AA 14 1F 51 1C E3 0E 94 01 00 00 43 AA A7 80 40 00 00 00 42 00 00 00 42 00 00 00 80 00 00 00 1F 0F 10
AA 14 1F 51 1C E4 97 D4 01 00 00 43 AA A7 80 40 00 00 00 42 00 00 00 42 00 00 00 80 00 00 00 1F 0F 10
AA 14 1F 51 1C E6 21 14 01 00 00 43 AA 0B 40 40 00 00 00 42 00 00 00 42 00 00 00 80 00 00 00 1F 0F 10
AA 14 1F 51 1C E7 AA 4C 01 00 00 43 AA 0B 40 40 00 00 00 42 00 00 00 42 00 00 00 80 00 00 00 1F 0F 10
AA 14 1F 51 1C
E9 33 8C 01 00 00 43 A9 6F 00 40 00 00 00 42 00 00 00 42 00 00 00 80 00 00 00 1F 0F 10
AA 14 1F 51 1C EA BC CC 01 00 00 43 A9 6F 00 40 00 00 00 42 00 00 00 42 00 00 00 80 00 00 00 1F 0F 10
AA 14 1F 51 1C EC 46 04 01 00 00 43 A9 6F 00 40 00 00 00 42 00 00 00 42 00 00 00 80 00 00 00
1F 0F 10
AA 14 1F 51 1C ED CF 48 01 00 00 43
A8 D2 C0 40 00 00 00 42 00 00 00 42 00 00 00 80 00 00 00 1F 0F 10
AA 14 1F 51 1C EF 58 84 01 00 00 43 A8 D2 C0 40 00 00 00 42 00 00 00 42 00 00 00 80 00 00 00 1F 0F 10
AA 14 1F 51 1C F0 E1 C4 01 00 00 43 A8 D2 C0 40 00 00 00 42 00 00 00 42 00 00 00 80 00 00 00 1F 0F 10
AA 14 1F 51 1C F2 6B 08 01 00 00 43 A8 D2 C0 40 00 00 00 42 00 00 00 42 00 00 00 80 00 00 00 1F 0F 10
AA 14 1F 51 1C F3 F4 44 01 00 00 43 A8 D2 C0 40 00 00 00 42 00 00 00 42 00 00 00 80 00 00 00 1F 0F 10
AA 14 1F 51 1C F5 7D 84 01 00 00 43 A8 D2 C0 40 00 00 00 42 00 00 00 42 00 00 00 FF FE FF FE 9F 0F 10
AA 14 02 10 00
AA 14 02 10 01
AA 14 1F 51 1E 34 B9 08 01 00 00 43 AD 18 80 40 00 00 00 42 00 00 00 42 00 00 00 80 00 00 00 1F 0F 10
AA 14 1F 51 1E 36 3E 5C 01 00 00 43 AD 18 80 40 00 00 00 42 00 00 00 42 00 00 00 80 00 00 00 1F 0F 10
AA 14 1F 51 1E 37 C7 9C 01 00 00 43 AD 18 80 40 00 00
00 42 00 00 00 42 00 00 00 80 00 00 00 1F 0F 10
AA 14 1F 51 1E 39 50 DC 01 00 00 43 AD 18 80 40 00 00 00 42 00 00 00 42 00 00 00 80 00 00 00 1F 0F 10
AA 14 1F 51 1E 3A DA 1C 01 00 00 43 AC 7C 40 40 00 00 00 42 00 00 00 42 00 00 00 80 00 00 00 1F 0F 10
AA 14 1F 51 1E 3C 63 60 01 00 00 43 AC 7C 40 40 00 00 00 42 00 00 00 42 00 00
00 80 00 00 00 1F 0F 10
AA 14 1F 51 1E 3D EC 9C 01 00 00 43 AB E0 00 40 00 00 00 42 00 00 00 42 00 00 00 80 00 00 00 1F 0F 10
AA 14 1F 51 1E 3F 75 DC 01 00 00 43 AB E0 00 40 00 00 00 42 00 00 00 42 00 00 00 80 00 00 00 1F 0F 10
AA 14 1F 51 1E 40 FF 20 01 00 00 43 AB 43 C0 40 00 00 00 42 00 00 00 42 00 00 00 80 00 00 00 1F 0F 10
AA 14 1F 51 1E 42 88 5C 01 00 00 43 AB 43 C0 40 00 00 00 42 00 00 00 42 00 00 00 80 00 00 00 1F 0F 10
AA 14 1F 51 1E 44 11 94 01 00 00 43 AA A7 80 40 00 00 00 42 00 00 00 42 00 00 00 80 00 00 00 1F 0F 10
AA 14 02 10 00
AA 14 02 10 01 AA 14 1F 51 1E 65 B2 7C 01 00 00 43 AB 43 C0 40 00 00 00 42 00 00 00 42 00 00 00 80 00 00 00 1F 0F 10
AA 14 1F 51 1E 67 37 DC 01 00 00 43 AB 43 C0 40 00 00 00 42 00 00 00 42 00 00 00 80 00 00 00 1F 0F 10
AA 14 1F 51 1E 68 C1 1C 01 00 00 43 AB E0 00 40 00 00 00 42 00 00 00 42 00 00 00 80 00 00 00 1F 0F 10
AA 14 1F 51 1E 6A 4A 5C 01 00 00 43 AB E0 00 40 00 00 00 42 00 00 00 42 00 00 00 80 00 00 00 1F 0F 10
AA 14 1F 51 1E 6B D3 9C 01 00 00 43 AB E0 00 40 00 00 00 42 00 00 00 42 00 00 00 80 00 00 00 1F 0F 10
AA 14 1F 51 1E 6D 5C DC 01 00 00 43 AB E0 00 40 00 00 00 42 00 00 00 42 00 00 00 80 00 00 00 1F 0F 10
AA 14 1F 51 1E 6E E6 1C 01 00 00 43 AB E0 00 40 00 00 00 42 00 00 00 42 00 00 00 80 00 00 00 1F 0F 10
AA 14 1F 51 1E 70 6F 60 01 00 00 43 AB E0 00 40 00 00 00 42 00 00 00 42 00 00 00 80 00 00 00 1F 0F 10
AA 14 1F 51 1E 71 F8 9C 01 00 00 43 AB E0 00 40 00 00 00 42 00 00 00 42 00 00 00 80 00 00 00 1F 0F 10
AA 14 1F 51 1E 73 81 DC 01 00 00 43 AB E0 00 40 00 00 00 42 00 00 00 42 00 00 00 80 00 00 00 1F 0F 10
AA 14 1F 51 1E 75 0B 20 01 00 00 43 AB 43 C0 40 00 00 00 42 00 00 00 42 00 00 00 80 00 00 00 1F 0F 10
AA 14 1F 51 1E 76 94 5C 01 00 00 43 AB 43 C0 40 00 00 00 42 00 00 00 42 00 00 00 80 00 00 00 1F 0F 10
AA 14 1F 51 1E 78 1D 94 01 00 00 43 AA A7 80 40 00 00 00 42 00 00 00 42 00 00 00 80 00 00 00 1F 0F 10
AA 14 1F 51 1E 79 A6 D8 01 00 00 43 AA A7 80 40 00 00 00 42 00 00 00 42 00 00 00 80 00 00 00 1F 0F 10
AA 14 1F 51 1E 7B 30
14 01 00 00 43 AA A7 80 40 00 00 00 42 00 00 00 42 00 00 00 80 00 00 00 1F 0F 10
AA 14 1F 51 1E 7C B9 4C 01 00 00 43 AA 0B 40 40 00 00 00 42 00 00 00 42 00 00 00 80 00 00 00 1F 0F 10
AA 14 1F 51 1E 7E 42 8C 01 00 00 43 AA 0B 40 40 00 00 00 42 00 00 00 42 00 00 00 80 00 00 00 1F 0F
10
AA 14 1F 51 1E 7F CB CC 01 00 00 43 A9 6F 00 40 00 00 00 42 00 00 00 42 00 00 00 80 00 00 00 1F 0F 10
AA 14 1F 51 1E 81 55 04 01 00 00 43 A9 6F 00 40 00 00 00 42 00 00 00 42 00 00 00 80 00 00 00 1F 0F 10
AA 14 1F 51 1E 82 DE 3C 01 00 00 43 A9 6F 00 40 00 00 00 42 00 00 00 42 00 00 00 80 00 00 00 1F 0F 10
AA 14 1F 51 1E 84 67 7C 01 00 00 43 A9 6F 00 40 00 00 00 42 00 00 00
42 00 00 00 80 00 00 00 1F 0F 10
AA 14 1F 51
1E 85 F0 BC 01 00 00 43 AA 0B 40 40 00 00 00 42 00 00 00 42 00 00 00 80 00 00 00 1F 0F 10
AA 14 1F 51 1E 87 79 FC 01 00 00 43 AA 0B 40 40 00 00 00 42 00 00 00 42 00 00 00 80 00 00 00 1F 0F 10
AA 14 1F 51 1E 89 03 40 01 00 00 43 AA A7 80 40 00 00 00 42 00 00 00 42 00 00 00 80 00 00 00 1F 0F 10
AA 14 1F 51 1E 8A 8C 7C 01 00 00 43
AA A7 80 40 00 00 00 42 00 00 00 42 00 00 00 80 00 00 00 1F 0F 10
AA 14 1F 51 1E 8C 15 BC 01 00 00 43 AA A7 80 40 00 00 00 42 00 00 00 42 00 00 00 80 00 00 00 1F 0F 10
AA 14 1F 51 1E 8D 9F 00 01 00 00 43 AA A7 80 40 00 00 00 42 00 00 00 42 00 00 00 80 00 00 00 1F 0F 10
AA 14 1F 51 1E 8F 28 3C 01 00 00 43 AB 43 C0 40 00 00
00 42 00 00 00 42 00 00 00 80 00 00 00 1F 0F 10
AA 14 1F 51 1E 90 B1 7C 01 00 00 43 AB 43 C0 40 00 00 00 42 00 00 00 42 00 00 00 80 00 00 00 1F 0F 10
AA 14 1F 51 1E 92 3A BC 01 00 00 43 AB 43 C0 40 00 00 00 42 00 00 00 42 00 00 00 80 00 00 00 1F 0F 10
AA 14 1F 51 1E 93 C3 FC 01 00 00 43 AB 43 C0 40 00 00 00 42 00 00 00 42 00 00
00 80 00 00 00 1F 0F 10
AA 14 1F 51 1E 95 4D 3C 01 00 00 43 AA A7 80 40 00 00 00 42 00 00 00 42 00 00 00 80 00 00 00 1F 0F 10
AA 14 02 10 02 AA 14 1F 51 1E 96 DD 84 02 00 00 43 AA A7 80 40 00 00 00 42 00 00 00 42 00 00 00 80 00 00 00 1F 0F 10
AA 14 1F 51 1E 98 61 58 02 00 00 43 AA 0B 40 40 00 00 00 42 00 00 00 42 00 00 00 80 00 00 00 1F 0F 10 AA 14 1F 51 1E 99 E9 10 02 00 00 43 AA 0B 40 40 00 00 00 42 00 00 00 42 00 00 00 80 00 00 00 1F 0F 10
AA 14 1F 51 1E 9B 70 C8 02 00 00 43 AA 0B 40 40 00 00 00 42 00 00 00 42 00 00 00 80 00 00 00 1F 0F 10 AA 14 1F 51 1E 9C F8 7C 02 00 00 43 AA 0B 40 40 00 00 00 42 00 00 00 42 00 00 00 80 00 00 00 1F 0F 10 AA 14 1F 51 1E 9E 80 38 02 00 00 43 AA 0B 40 40 00 00 00 42 00 00 00 42 00 00 00 80 00 00 00 1F 0F 10
AA 14 1F 51 1E A0 07 F4 02 00 00 43 A9 6F 00 40 00 00 00 42 00 00 00 42 00 00 00 80 00 00 00 1F 0F 10 AA 14 1F 51 1E A1 8F B4 02 00 00 43 A9 6F 00 40 00 00 00 42 00 00 00 42 00 00 00 80 00 00 00 1F 0F 10
AA 14 1F 51 1E A3 17 74 02 00 00 43 A9 6F 00 40 00 00 00 42 00 00 00 42 00 00 00 80 00 00 00 1F 0F 10 AA 14 1F 51 1E A4 9F 34 02 00 00 43 A9 6F 00 40 00 00 00 42 00 00 00 42 00 00 00 80 00 00 00 1F 0F 10
AA 14 1F 51 1E A6 26 F4 02 00 00 43 A9 6F 00 40 00 00 00 42 00 00 00 42 00 00 00 80 00 00 00 1F 0F 10 AA 14 1F 51 1E A7 AE A4 02 00 00 43 A8 D2 C0 40 00 00 00 42 00 00 00 42 00 00 00 80 00 00 00 1F 0F 10
AA 14 1F 51 1E A9 36 64 02 00 00 43 A8 D2 C0 40 00 00 00 42 00 00 00 42 00 00 00 80 00 00 00 1F 0F 10 AA 14 1F 51 1E AA BE 1C 02 00 00 43 A8 D2 C0 40 00 00 00 42 00 00 00 42 00 00 00 80 00 00 00 1F 0F 10
AA 14 1F 51 1E AC 45 DC 02 00 00 43 A8 D2 C0 40 00 00 00 42 00 00 00 42 00 00 00 80 00 00 00 1F 0F 10 AA 14 1F 51 1E AD CD A4 02 00 00 43 A8 D2 C0 40 00 00 00 42 00 00 00 42 00 00 00 80 00 00 00 1F 0F 10
AA 14 1F 51 1E AF 55 64 02 00 00 43 A8 D2 C0 40 00 00 00 42 00 00 00 42 00 00 00 80 00 00 00 1F 0F 10 AA 14 1F 51 1E B0 DD 24 02 00 00 43 A8 D2 C0 40 00 00 00 42 00 00 00 42 00 00 00 80 00 00 00 1F 0F 10 AA 14 1F 51 1E B2 64 E4 02 00 00 43 A8 D2 C0 40 00 00 00 42 00 00 00 42 00 00 00 80 00 00 00 1F 0F 10
AA 14 1F 51 1E B3 EC A4 02 00 00 43 A8 D2 C0 40 00 00 00 42 00 00 00 42 00 00 00 80 00 00 00 1F 0F 10 AA 14 1F 51 1E B5 74 64 02 00 00 43 A8 D2 C0 40 00 00 00 42 00 00 00 42
00 00 00 80 00 00 00 1F 0F 10 AA 14 1F 51 1E B6 FC 24 02 00 00 43 A8 D2 C0 40 00 00 00 42 00 00 00 42 00 00 00 80 00 00 00 1F 0F 10 AA 14 1F 51 1E B8 83 E4 02 00 00 43 A9 6F 00 40 00 00 00 42 00 00 00 42 00 00 00 80 00 00 00 1F 0F 10
AA 14 1F 51 1E BA 0B 9C 02 00 00 43 A9 6F 00 40 00 00 00 42 00 00 00 42 00 00 00 80 00 00 00 1F 0F 10 AA 14 1F 51 1E BB 93 54 02 00 00 43 A9 6F 00 40 00 00 00 42 00 00 00 42 00 00 00 80 00 00 00 1F 0F 10
AA 14 1F 51 1E BD 1B 14 02 00 00 43 A9 6F 00 40 00 00 00 42 00 00 00 42 00 00 00 80 00 00 00 1F 0F 10 AA 14 1F 51 1E BE A2 D4 02 00 00 43 A9 6F 00 40 00 00 00 42 00 00 00 42 00 00 00 80 00 00 00 1F 0F 10
AA 14 1F 51 1E C0 2A 88 02 00 00 43 AA 0B 40 40 00 00 00 42 00 00 00 42 00 00 00 80 00 00 00 1F 0F 10 AA 14 1F 51 1E C1 B2 48 02 00 00 43 AA 0B 40 40 00 00 00 42 00 00 00 42 00 00 00 80 00 00 00 1F 0F 10 AA 14 1F 51 1E C3 3A 00 02 00 00 43 AA 0B 40 40 00 00 00 42 00 00 00 42 00 00 00 80 00 00 00 1F 0F 10
AA 14 1F 51 1E C4 C1 C0 02 00 00 43 AA 0B 40 40 00 00 00 42 00 00 00 42 00 00 00 80 00 00 00 1F 0F 10 AA 14 1F 51 1E C6 49 7C 02 00 00 43 AA 0B 40 40 00 00 00 42 00 00 00 42 00 00 00 80 00 00 00 1F 0F 10
AA 14 1F 51 1E C7 D1 38 02 00 00 43 AA 0B 40 40 00 00 00 42 00 00 00 42 00 00 00 80 00 00 00 1F 0F 10 AA 14 1F 51 1E C9 58 EC 02 00 00 43 AA A7 80 40 00 00 00 42 00 00 00 42 00 00 00 80 00 00 00 1F 0F 10
AA 14 1F 51 1E CA E0 A4 02 00 00 43 AA A7 80 40 00 00 00 42 00 00 00 42 00 00 00 80 00 00 00 1F 0F 10 AA 14 1F 51 1E CC 68 5C 02 00 00 43 AA A7 80 40 00 00 00 42 00 00 00 42 00 00 00 80 00 00 00 1F 0F 10
AA 14 1F 51 1E CD F0 14 02 00 00 43 AA A7 80 40 00 00 00 42 00 00 00 42 00 00 00 80 00 00 00 1F 0F 10 AA 14 1F 51 1E CF 77 CC 02 00 00 43 AA A7 80 40 00 00 00 42 00 00 00 42 00 00 00 80 00 00 00 1F 0F 10
AA 14 1F 51 1E D0 FF 84 02 00 00 43 AA A7 80 40 00 00 00 42 00 00 00 42 00 00 00 80 00 00 00 1F 0F 10 AA 14 1F 51 1E D2 87 3C 02 00 00 43 AA A7 80 40 00 00 00 42 00 00 00 42 00 00 00 80 00 00 00 1F 0F 10
AA 14 1F 51 1E D4 0E F4 02 00 00 43 AA A7 80 40 00 00 00 42 00 00 00 42 00 00 00 80 00 00 00 1F 0F 10 AA 14 1F 51 1E D5 96 A4 02 00 00 43 AA A7 80 40 00 00 00 42 00 00 00 42 00 00 00 80 00 00 00 1F 0F 10 AA 14 1F 51 1E D7 1E 5C 02 00 00 43 AA A7 80 40 00 00 00 42 00 00 00 42 00 00 00
80 00 00 00 1F 0F 10 AA 14 1F 51 1E D8 A6 14 02 00 00 43 AA A7 80 40 00 00 00 42 00 00 00 42 00 00 00 80 00 00 00 1F 0F 10 AA 14 1F 51 1E DA 2D CC 02 00 00 43 AA A7 80 40 00 00 00 42 00 00 00 42 00 00 00 80 00 00 00 1F 0F 10
AA 14 1F 51 1E DB B5 90 02 00 00 43 AA 0B 40 40 00 00 00 42 00 00 00 42 00 00 00 80 00 00 00 1F 0F 10 AA 14 1F 51 1E DD 3D 50 02 00 00 43 AA 0B 40 40 00 00 00 42 00 00 00 42 00 00 00 80 00 00 00 1F 0F 10
AA 14 1F 51 1E DE C5 08 02 00 00 43 AA 0B 40 40 00 00 00 42 00 00 00 42 00 00 00 80 00 00 00 1F 0F 10 AA 14 1F 51 1E E0 4C C0 02 00 00 43 AA 0B 40 40 00 00 00 42 00 00 00 42 00 00 00 80 00 00 00 1F 0F 10 AA 14 1F 51 1E E1 D4 7C 02 00 00 43 A9 6F 00 40 00 00 00 42 00 00 00 42 00 00 00 80 00 00 00 1F 0F 10
AA 14 1F 51 1E E3 5C 3C 02 00 00 43 A9 6F 00 40 00 00 00 42 00 00 00 42 00 00 00 80 00 00 00 1F 0F 10 AA 14 1F 51 1E E4 E3 F4 02 00 00 43 A9 6F 00 40 00 00 00 42 00 00 00 42 00 00 00 80 00 00 00 1F 0F 10
AA 14 1F 51 1E E6 6B B4 02 00 00 43 A9 6F 00 40 00 00 00 42 00 00 00 42 00 00 00 80 00 00 00 1F 0F 10 AA 14 1F 51 1E E7 F3 74 02 00 00 43 A9 6F 00 40 00 00 00 42 00 00 00 42 00 00 00 80 00 00 00 1F 0F 10
AA 14 1F 51 1E E9 7B 34 02 00 00 43 A8 D2 C0 40 00 00 00 42 00 00 00 42 00 00 00 80 00 00 00 1F 0F 10 AA 14 1F 51 1E EB 02 F4 02 00 00 43 A8 D2 C0 40 00 00 00 42 00 00 00 42 00 00 00 80 00 00 00 1F 0F 10 AA 14 1F 51 1E EC 8A AC 02 00 00 43 A8 D2 C0 40 00 00 00 42 00 00 00 42 00 00 00 80 00 00 00 1F 0F 10
AA 14 1F 51 1E EE 12 6C 02 00 00 43 A8 D2 C0 40 00 00 00 42 00 00 00 42 00 00 00 80 00 00 00 1F 0F 10 AA 14 1F 51 1E EF 9A 24 02 00 00 43 A8 D2 C0 40 00 00 00 42 00 00 00 42 00 00 00 80 00 00 00 1F 0F 10
AA 14 1F 51 1E F1 21 E4 02 00 00 43 A8 D2 C0 40 00 00 00 42 00 00 00 42 00 00 00 80 00 00 00 1F 0F 10 AA 14 1F 51 1E F2 A9 AC 02 00 00 43 A8 D2 C0 40 00 00 00 42 00 00 00 42 00 00 00 80 00 00 00 1F 0F 10
AA 14 1F 51 1E F4 31 6C 02 00 00 43 A8 D2 C0 40 00 00 00 42 00 00 00 42 00 00 00 80 00 00 00 1F 0F 10 AA 14 1F 51 1E F5 B9 2C 02 00 00 43 A8 D2 C0 40 00 00 00 42 00 00 00 42 00 00 00 80 00 00 00 1F 0F 10
AA 14 1F 51 1E F7 40 EC 02 00 00 43 A8 D2 C0 40 00 00 00 42 00 00 00 42 00 00 00 80 00 00 00 1F 0F 10 AA 14 1F 51 1E F8 C8 AC 02 00 00 43 A8 D2 C0 40 00 00 00 42 00 00 00 42 00 00 00 80 00 00 00 1F 0F 10
AA 14 1F 51 1E FA 50 6C 02 00 00 43 A9 6F 00 40 00 00 00 42 00 00 00 42 00 00 00 80 00 00 00 1F 0F 10 AA 14 1F 51 1E FB D8 2C 02 00 00 43 A9 6F 00 40 00 00 00 42 00 00 00 42 00 00 00 80 00 00 00 1F 0F 10
AA 14 1F 51 1E FD 5F EC 02 00 00 43 A9 6F 00 40 00 00 00 42 00 00 00 42 00 00 00 80 00 00 00 1F 0F 10 AA 14 1F 51 1E FE E7 AC 02 00 00 43 A9 6F 00 40 00 00 00 42 00 00 00 42 00 00 00 80 00 00 00 1F 0F 10 AA 14 1F 51 1F 00 6F 6C 02 00 00 43 A9 6F 00 40 00 00 00 42 00 00 00 42 00 00 00 80 00 00 00 1F 0F 10
AA 14 1F 51 1F 01 F7 2C 02 00 00 43 A9 6F 00 40 00 00 00 42 00 00 00 42 00 00 00 80 00 00 00 1F 0F 10 AA 14 1F 51 1F 03 7E E8 02 00 00 43 AA 0B 40 40 00 00 00 42 00 00 00 42 00 00 00 80 00 00 00 1F 0F 10 AA 14 1F 51 1F 05 06 98 02 00 00 43 AA 0B 40 40 00 00 00 42 00 00 00 42 00 00 00 80 00 00 00 1F 0F 10
AA 14 1F 51 1F 06 8E 50 02 00 00 43 AA 0B 40 40 00 00 00 42 00 00 00 42 00 00 00 80 00 00 00 1F 0F 10 AA 14 1F 51 1F 08 16 08 02 00 00 43 AA 0B 40 40 00 00 00 42 00 00 00 42 00 00 00 80 00 00 00 1F 0F 10
AA 14 1F 51 1F 09 9D C8 02 00 00 43 AA 0B 40 40 00 00 00 42 00 00 00 42 00 00 00 80 00 00 00 1F 0F 10 AA 14 1F 51 1F 0B 25 88 02 00 00 43 AA 0B 40 40 00 00 00 42 00 00 00 42 00 00 00 80 00 00 00 1F 0F 10 AA 14 1F 51 1F 0C AD 48 02 00 00 43 AA 0B 40 40 00 00 00 42 00 00 00 42 00 00 00 80 00 00 00 1F 0F 10 AA 14 1F 51 1F 0E 34 FC 02 00 00 43 AA A7 80 40 00 00 00 42 00 00 00 42 00 00 00 80 00 00 00 1F 0F 10
AA 14 1F 51 1F 0F BC B4 02 00 00 43 AA A7 80 40 00 00 00 42 00 00 00 42 00 00 00 80 00 00 00 1F 0F 10 AA 14 1F 51 1F 11 44 6C 02 00 00 43 AA A7 80 40 00 00 00 42 00 00 00 42 00 00 00 80 00 00 00 1F 0F 10
AA 14 1F 51 1F 12 CC 24 02 00 00 43 AA A7 80 40 00 00 00 42 00 00 00 42 00 00 00 80 00 00 00 1F 0F 10 AA 14 1F 51 1F 14 53 DC 02 00 00 43 AA A7 80 40 00 00 00 42 00 00 00 42 00 00 00 80 00 00 00 1F 0F 10 AA 14 1F 51 1F 15 DB 94 02 00 00 43 AA A7 80 40 00 00 00 42 00 00 00 42 00 00 00 80 00 00 00 1F 0F 10
AA 14 1F 51 1F 17 63 4C 02 00 00 43 AA 0B 40 40 00 00 00 42 00 00 00 42 00 00 00 80 00 00 00 1F 0F 10 AA 14 1F 51 1F 18 EB 08 02 00 00 43 AA 0B 40 40 00 00 00 42 00 00 00 42 00 00 00 80 00 00 00 1F 0F 10
AA 14 1F 51 1F 1A 72 B8 02 00 00 43 AA 0B 40 40 00 00 00 42 00 00 00 42 00 00 00 80 00 00 00 1F 0F 10 AA 14 1F 51 1F 1B FA 70 02 00 00 43 AA 0B 40 40 00 00 00 42 00 00 00 42 00 00 00 80 00 00 00 1F 0F 10 AA 14 1F 51 1F 1D 82 28 02 00 00 43 AA 0B 40 40 00 00 00 42 00 00 00 42 00 00 00 80 00 00 00 1F 0F 10
AA 14 1F 51 1F 1F 09 E8 02 00 00 43 A9 6F 00 40 00 00 00 42 00 00 00 42 00 00 00 80 00 00 00 1F 0F 10 AA 14 1F 51 1F 20 91 AC 02 00 00 43 A9 6F 00 40 00 00 00 42 00 00 00 42 00 00 00 80 00 00 00 1F 0F 10
AA 14 1F 51 1F 22 19 74 02 00 00 43 A9 6F 00 40 00 00 00 42 00 00 00 42 00 00 00 80 00 00 00 1F 0F 10 AA 14 1F 51 1F 23 A1 34 02 00 00 43 A9 6F 00 40 00 00 00 42 00 00 00 42 00 00 00 80 00 00 00 1F 0F 10 AA 14 1F 51 1F 25 28 F4 02 00 00 43 A9 6F 00 40 00 00 00 42 00 00 00 42 00 00 00 80 00 00 00 1F 0F 10
AA 14 1F 51 1F 26 B0 B4 02 00 00 43 A8 D2 C0 40 00 00 00 42 00 00 00 42 00 00 00 80 00 00 00 1F 0F 10 AA 14 1F 51 1F 28 38 74 02 00 00 43 A8 D2 C0 40 00 00 00 42 00 00 00 42 00 00 00 80 00 00 00 1F 0F 10
AA 14 1F 51 1F 29 C0 34 02 00 00 43 A8 D2 C0 40 00 00 00 42 00 00 00 42 00 00 00 80 00 00 00 1F 0F 10 AA 14 1F 51 1F 2B 47 F4 02 00 00 43 A8 D2 C0 40 00 00 00 42 00 00 00 42 00 00 00 80 00 00 00 1F 0F 10 AA 14 1F 51 1F 2C CF B4 02 00 00 43 A8 D2 C0 40 00 00 00
42 00 00 00 42 00 00 00 80 00 00 00 1F 0F 10 AA 14 1F 51 1F 2E 57 74 02 00 00 43 A8 D2 C0 40 00 00 00 42 00 00 00 42 00 00 00 80 00 00 00 1F 0F 10 AA 14 1F 51 1F 2F DF 34 02 00 00 43 A8 D2 C0 40 00 00 00 42 00 00 00 42 00 00 00 80 00 00 00 1F 0F 10
AA 14 1F 51 1F 31 66 F4 02 00 00 43 A8 D2 C0 40 00 00 00 42 00 00 00 42 00 00 00 80 00 00 00 1F 0F 10 AA 14 1F 51 1F 32 EE A4 02 00 00 43 A8 D2 C0 40 00 00 00 42 00 00 00 42 00 00 00 80 00 00 00 1F 0F 10 AA 14 1F 51 1F 34 76 64 02 00 00 43 A8 D2 C0 40 00 00 00 42 00 00 00 42 00 00 00 80 00 00 00 1F 0F 10
AA 14 1F 51 1F 35 FE 24 02 00 00 43 A8 D2 C0 40 00 00 00 42 00 00 00 42 00 00 00 80 00 00 00 1F 0F 10 AA 14 1F 51 1F 37 85 E4 02 00 00 43 A8 D2 C0 40 00 00 00 42 00 00 00 42 00 00 00 80 00 00 00 1F 0F 10
AA 14 1F 51 1F 39 0D AC 02 00 00 43 A8 D2 C0 40 00 00 00 42 00 00 00 42 00 00 00 80 00 00 00 1F 0F 10 AA 14 1F 51 1F 3A 95 6C 02 00 00 43 A8 D2 C0 40 00 00 00 42 00 00 00 42 00 00 00 80 00 00 00 1F 0F 10 AA 14 1F 51 1F 3C 1D 2C 02 00 00 43 A9 6F 00 40 00 00 00 42 00 00 00 42 00 00 00 80 00 00 00 1F 0F 10
AA 14 1F 51 1F 3D A4 EC 02 00 00 43 A9 6F 00 40 00 00 00 42 00 00 00 42 00 00 00 80 00 00 00 1F 0F 10 AA 14 1F 51 1F 3F 2C A4 02 00 00 43 A9 6F 00 40 00 00 00 42 00 00 00 42 00 00 00 80 00 00 00 1F 0F 10
AA 14 1F 51 1F 40 B4 5C 02 00 00 43 A9 6F 00 40 00 00 00 42 00 00 00 42 00 00 00 80 00 00 00 1F 0F 10 AA 14 1F 51 1F 42 3C 14 02 00 00 43 A9 6F 00 40 00 00 00 42 00 00 00 42 00 00 00 80 00 00 00 1F 0F 10 AA 14 1F 51 1F 43 C3 D4 02 00 00 43 A9 6F 00 40 00 00 00 42 00 00 00 42 00 00 00 80 00 00 00 1F 0F 10
AA 14 1F 51 1F 45 4B 8C 02 00 00 43 AA 0B 40 40 00 00 00 42 00 00 00 42 00 00 00 80 00 00 00 1F 0F 10 AA 14 1F 51 1F 46 D3 48 02 00 00 43 AA 0B 40 40 00 00 00 42 00 00 00 42 00 00 00 80 00 00 00 1F 0F 10
AA 14 1F 51 1F 48 5A FC 02 00 00 43 AA 0B 40 40 00 00 00 42 00 00 00 42 00 00 00 80 00 00 00 1F 0F 10 AA 14 1F 51 1F 49 E2 B0 02 00 00 43 AA 0B 40 40 00 00 00 42 00 00 00 42 00 00 00 80 00 00 00 1F 0F 10 AA 14 1F 51 1F 4B 6A 68 02 00 00 43 AA 0B 40 40 00 00 00 42 00 00 00 42 00 00 00 80 00 00 00 1F 0F 10
AA 14 1F 51 1F 4C F2 20 02 00 00 43 AA 0B 40 40 00 00 00 42 00 00 00 42 00 00 00 80 00 00 00 1F 0F 10 AA 14 1F 51 1F 4E 79 D4 02 00 00 43 AA A7 80 40 00 00 00 42 00 00 00 42 00 00 00 80 00 00 00 1F 0F 10 AA 14 1F 51 1F 50 01
94 02 00 00 43 AA A7 80 40 00 00 00 42 00 00 00 42 00 00 00 80 00 00 00 1F 0F 10 AA 14 02 10 04
4D 4F 54 4F 52 20 43 4F 4E 54 52 4F 4C 20 30 2E 33 2E 30
0A
