AA 14 02 10 01
AA 14 1F 51 03 F0 73 94 01 00 00 44 1C BD 00 40 00 00 00 42 00 00 00 42 00 00 00 80 00 00 00 1F 0F 10
AA 14 1F 51 03 F1 F8 E8 01 00 00 44 19 FD E0 40 00 00 00 42 00 00 00 42 00 00 00 80 00 00 00 1F 0F 10
AA 14 1F 51 03 F3 82 2C 01 00 00 44 17 8C E0 40 00
00 00 42 00 00 00 42 00 00 00 80 00 00 00 1F 0F 10
AA 14 1F 51 03 F5 0B 68 01 00 00 44 15 6A 00 40 00 00 00 42 00 00 00 42 00 00 00 80 00 00 00 1F 0F 10
AA 14 1F 51 03 F6 94 A8 01 00 00 44 13 47 20 40 00 00 00 42 00 00 00 42 00 00 00 80 00 00 00 1F 0F 10
AA 14 1F 51 03 F8 1D EC 01 00 00 44 11 24 40 40 00 00 00 42 00 00 00 42 00 00 00 80 00 00 00 1F 0F 10
AA 14 1F 51 03 F9 A7
28 81 FF FF 47 CF 4F 80 40 00 00 00 42 00 00 F8 42 00 00 00 80 00 00 00 1F 0F 10
AA 14 02 10 02 AA 14 1F 51 03 FB 37 84 02 00 00 44 0D 2C A0 40 00 00 00 42 00 00 00 42 00 00 00 80 00 00 00 1F 0F 10
AA 14 1F 51 03 FC BB 60 02 00 00 44 0B 57 E0 40 00 00 00 42 00 00 00 42 00 00 00 80 00 00 00 1F 0F 10 AA 14 1F 51 03 FE 43 20 02 00 00 44 09 83 20 40 00 00 00 42 00 00 00 42 00 00 00 80 00 00 00 1F 0F 10
AA 14 1F 51 03 FF CA E4 02 00 00 44 07 AE 60 40 00 00 00 42 00 00 00 42 00 00 00 80 00 00 00 1F 0F 10 AA 14 1F 51 04 01 52 A4 02 00 00 44 06 27 C0 40 00 00 00 42 00 00 00 42 00 00 00 80 00 00 00 1F 0F 10 AA 14 1F 51 04 02 DA 68 02 00 00 44 04 53 00 40 00 00 00 42 00 00 00 42 00 00 00 80 00 00 00 1F 0F 10
AA 14 1F 51 04 04 62 2C 02 00 00 44 02 CC 60 40 00 00 00 42 00 00 00 42 00 00 00 80 00 00 00 1F 0F 10 AA 14 1F 51 04 05 E9 EC 02 00 00 44 01 45 C0 40 00 00 00 42 00 00 00 42 00 00 00 80 00 00 00 1F 0F 10
AA 14 1F 51 04 07 71 A8 02 00 00 43 FF 7E 40 40 00 00 00 42 00 00 00 42 00 00 00 80 00 00 00 1F 0F 10 AA 14 1F 51 04 08 F9 68 02 00 00 43 FC 71 00 40 00 00 00 42 00 00 00 42 00 00 00 80 00 00 00 1F 0F 10
AA 14 1F 51 04 0A 81 28 02 00 00 43 F9 63 C0 40 00 00 00 42 00 00 00 42 00 00 00 80 00 00 00 1F 0F 10 AA 14 1F 51 04 0C 08 E8 02 00 00 43 F6 F2 C0 40 00 00 00 42 00 00 00 42 00 00 00 80 00 00 00 1F 0F 10
AA 14 1F 51 04 0D 90 A4 02 00 00 43 F4 81 C0 40 00 00 00 42 00 00 00 42 00 00 00 80 00 00 00 1F 0F 10 AA 14 1F 51 04 0F 18 64 02 00 00 43 F2 10 C0 40 00 00 00 42 00 00 00 42 00 00 00 80 00 00 00 1F 0F 10
AA 14 1F 51 04 10 A0 20 02 00 00 43 EF 9F C0 40 00 00 00 42 00 00 00 42 00 00 00 80 00 00 00 1F 0F 10 AA 14 1F 51 04 12 27 D8 02 00 00 43 ED 2E C0 40 00 00 00 42 00 00 00 42 00 00 00 80 00 00 00 1F 0F 10
AA 14 1F 51 04 13 AF 9C 02 00 00 43 EA BD C0 40 00 00 00 42 00 00 00 42 00 00 00 80 00 00 00 1F 0F 10 AA 14 1F 51 04 15 37 5C 02 00 00 43 E8 4C C0 40 00 00 00 42 00 00 00 42 00 00 00 80 00 00 00 1F 0F 10 AA 14 1F 51 04 16 BF 18 02 00 00 43 E6 78 00 40 00 00 00 42 00 00 00 42 00 00 00 80 00 00 00 1F 0F 10
AA 14 1F 51 04 18 46 D8 02 00 00 43 E4 A3 40 40 00 00 00 42 00 00 00 42 00 00 00 80 00 00 00 1F 0F 10 AA 14 1F 51 04 19 CE 94 02 00 00 43 E2 CE 80 40 00 00 00 42 00 00 00 42 00 00 00 80 00 00 00 1F 0F 10
AA 14 1F 51 04 1B 56 54 02 00 00 43 E0 F9 C0 40 00 00 00 42 00 00 00 42 00 00 00 80 00 00 00 1F 0F 10 AA 14 1F 51 04 1C DE 10 02 00 00 43 DF 25 00 40 00 00 00 42 00 00 00 42 00 00 00 80 00 00 00 1F 0F 10
AA 14 1F 51 04 1E 65 D0 02 00 00 43 DD EC 80 40 00 00 00 42 00 00 00 42 00 00 00 80 00 00 00 1F 0F 10 AA 14 1F 51 04 1F ED 84 02 00 00 43 DC 17 C0 40 00 00 00 42 00 00 00 42 00 00 00 80 00 00 00 1F 0F 10
AA 14 1F 51 04 21 75 40 02 00 00 43 DA DF 40 40 00 00 00 42 00 00 00 42 00 00 00 80 00 00 00 1F 0F 10 AA 14 1F 51 04 22 FC F4 02 00 00 43 D9 A6 C0 40 00 00 00 42 00 00 00 42 00 00 00 80 00 00 00 1F 0F 10
AA 14 1F 51 04 24 84 B4 02 00 00 43 D8 6E 40 40 00 00 00 42 00 00 00 42 00 00 00 80 00 00 00 1F 0F 10 AA 14 1F 51 04 26 0C 70 02 00 00 43 D7 35 C0 40 00 00 00 42 00 00 00 42 00 00 00 80 00 00 00 1F 0F 10
AA 14 1F 51 04 27 94 3C 02 00 00 43 D5 FD 40 40 00 00 00 42 00 00 00 42 00 00 00 80 00 00 00 1F 0F 10 AA 14 1F 51 04 29 1B F4 02 00 00 43 D4 C4 C0 40 00 00 00 42 00 00 00 42 00 00 00 80 00 00 00 1F 0F 10
AA 14 1F 51 04 2A A3 AC 02 00 00 43 D3 8C 40 40 00 00 00 42 00 00 00 42 00 00 00 80 00 00 00 1F 0F 10 AA 14 1F 51 04 2C 2B 68 02 00 00 43 D2 F0 00 40 00 00 00 42 00 00 00 42 00 00 00 80 00 00 00 1F 0F 10
AA 14 1F 51 04 2D B3 24 02 00 00 43 D1 B7 80 40 00 00 00 42 00 00 00 42 00 00 00 80 00 00 00 1F 0F 10 AA 14 1F 51 04 2F 3A D8 02 00 00 43 D1 1B 40 40 00 00 00 42 00 00 00 42 00 00 00 80 00 00 00 1F 0F 10
AA 14 1F 51 04 30 C2 98 02 00 00 43 CF E2 C0 40 00 00 00 42 00 00 00 42 00 00 00 80 00 00 00 1F 0F 10 AA 14 1F 51 04 32 4A 54 02 00 00 43 CF 46 80 40 00 00 00 42 00 00 00 42 00 00 00 80 00 00 00 1F 0F 10 AA 14 1F 51 04 33 D2 08 02 00 00 43 CE AA 40 40 00 00 00 42 00 00 00 42 00 00 00 80 00 00 00 1F 0F 10
AA 14 1F 51 04 35 59 C4 02 00 00 43 CD 71 C0 40 00 00 00 42 00 00 00 42 00 00 00 80 00 00 00 1F 0F 10 AA 14 1F 51 04 36 E1 78 02 00 00 43 CC D5 80 40 00 00 00 42 00 00 00 42 00 00 00 80 00 00 00 1F 0F 10
AA 14 1F 51 04 38 69 38 02 00 00 43 CC 39 40 40 00 00 00 42 00 00 00 42 00 00 00 80 00 00 00 1F 0F 10 AA 14 1F 51 04 39 F0 EC 02 00 00 43 CB 9D 00 40 00 00 00 42 00 00 00 42 00 00 00 80 00 00 00 1F 0F 10 AA 14 1F 51 04 3B 78 A8 02 00 00 43 CB 00 C0 40 00 00 00 42 00 00 00 42 00 00 00 80 00 00 00 1F 0F 10
AA 14 1F 51 04 3D 00 70 02 00 00 43 CA 64 80 40 00 00 00 42 00 00 00 42 00 00 00 80 00 00 00 1F 0F 10 AA 14 1F 51 04 3E 88 2C 02 00 00 43 C9 C8 40 40 00 00 00 42 00 00 00 42 00 00 00 80 00 00 00 1F 0F 10
AA 14 1F 51 04 40 0F E0 02 00 00 43 C9 2C 00 40 00 00 00 42 00 00 00 42 00 00 00 80 00 00 00 1F 0F 10 AA 14 1F 51 04 41 97 94 02 00 00 43 C8 8F C0 40 00 00 00 42 00 00 00 42 00 00 00 80 00 00 00 1F 0F 10 AA 14 1F 51 04
43 1F 50 02 00 00 43 C7 F3 80 40 00 00 00 42 00 00 00 42 00 00 00 80 00 00 00 1F 0F 10 AA 14 1F 51 04 44 A7 14 02 00 00 43 C7 57 40 40 00 00 00 42 00 00 00 42 00 00 00 80 00 00 00 1F 0F 10 AA 14 1F 51 04 46 2E D0 02 00 00 43 C6 BB 00 40 00 00 00 42 00 00 00 42 00 00 00 80 00 00 00 1F 0F 10
AA 14 1F 51 04 47 B6 88 02 00 00 43 C6 1E C0 40 00 00 00 42 00 00 00 42 00 00 00 80 00 00 00 1F 0F 10 AA 14 1F 51 04 49 3E 44 02 00 00 43 C5 82 80 40 00 00 00 42 00 00 00 42 00 00 00 80 00 00 00 1F 0F 10
AA 14 1F 51 04 4A C6 04 02 00 00 43 C4 E6 40 40 00 00 00 42 00 00 00 42 00 00 00 80 00 00 00 1F 0F 10 AA 14 1F 51 04 4C 4D C0 02 00 00 43 C4 4A 00 40 00 00 00 42 00 00 00 42 00 00 00 80 00 00 00 1F 0F 10 AA 14 1F 51 04 4D D5 78 02 00 00 43 C3 AD C0 40 00 00 00 42 00 00 00 42 00 00 00 80 00 00 00 1F 0F 10
AA 14 1F 51 04 4F 5D 34 02 00 00 43 C3 11 80 40 00 00 00 42 00 00 00 42 00 00 00 80 00 00 00 1F 0F 10 AA 14 1F 51 04 50 E4 F4 02 00 00 43 C2 75 40 40 00 00 00 42 00 00 00 42 00 00 00 80 00 00 00 1F 0F 10
AA 14 1F 51 04 52 6C BC 02 00 00 43 C2 75 40 40 00 00 00 42 00 00 00 42 00 00 00 80 00 00 00 1F 0F 10 AA 14 1F 51 04 53 F4 84 02 00 00 43 C1 D9 00 40 00 00 00 42 00 00 00 42 00 00 00 80 00 00 00 1F 0F 10 AA 14 1F 51 04 55 7C 48 02 00 00 43 C1 3C C0 40 00 00 00 42 00 00 00 42 00 00 00 80 00 00 00 1F 0F 10
AA 14 1F 51 04 57 04 08 02 00 00 43 C1 3C C0 40 00 00 00 42 00 00 00 42 00 00 00 80 00 00 00 1F 0F 10 AA 14 1F 51 04 58 8B C4 02 00 00 43 C0 A0 80 40 00 00 00 42 00 00 00 42 00 00 00 80 00 00 00 1F 0F 10
AA 14 1F 51 04 5A 13 7C 02 00 00 43 C0 04 40 40 00 00 00 42 00 00 00 42 00 00 00 80 00 00 00 1F 0F 10 AA 14 1F 51 04 5B 9B 34 02 00 00 43 C0 04 40 40 00 00 00 42 00 00 00 42 00 00 00 80 00 00 00 1F 0F 10 AA 14 1F 51 04 5D 22 EC 02 00 00 43 C0 04 40 40 00 00 00 42 00 00 00 42 00 00 00 80 00 00 00
1F 0F 10 AA 14 1F 51 04 5E AA A4 02 00 00 43 BF 68 00 40 00 00 00 42 00 00 00 42 00 00 00 80 00 00 00 1F 0F 10 AA 14 1F 51 04 60 32 5C 02 00 00 43 BF 68 00 40 00 00 00 42 00 00 00 42 00 00 00 80 00 00 00 1F 0F 10
AA 14 1F 51 04 61 BA 14 02 00 00 43 BF 68 00 40 00 00 00 42 00 00 00 42 00 00 00 80 00 00 00 1F 0F 10 AA 14 1F 51 04 63 41 CC 02 00 00 43 BF 68 00 40 00 00 00 42 00 00 00 42 00 00 00 80 00 00 00 1F 0F 10
AA 14 1F 51 04 64 C9 80 02 00 00 43 BF 68 00 40 00 00 00 42 00 00 00 42 00 00 00 80 00 00 00 1F 0F 10 AA 14 1F 51 04 66 51 40 02 00 00 43 BF 68 00 40 00 00 00 42 00 00 00 42 00 00 00 80 00 00 00 1F 0F 10
AA 14 1F 51 04 67 D8 F8 02 00 00 43 BF 68 00 40 00 00 00 42 00 00 00 42 00 00 00 80 00 00 00 1F 0F 10 AA 14 1F 51 04 69 60 B4 02 00 00 43 BF 68 00 40 00 00 00 42 00 00 00 42 00 00 00 80 00 00 00 1F 0F 10
AA 14 1F 51 04 6A E8 74 02 00 00 43 BF 68 00 40 00 00 00 42 00 00 00 42 00 00 00 80 00 00 00 1F 0F 10 AA 14 1F 51 04 6C 70 38 02 00 00 43 BE CB C0 40 00 00 00 42 00 00 00 42 00 00 00 80 00 00 00 1F 0F 10 AA 14 1F 51 04 6D F7 F8 02 00 00 43 BE CB C0 40 00 00 00 42 00 00 00 42 00 00 00 80 00 00 00 1F 0F
10 AA 14 1F 51 04 6F 7F B8 02 00 00 43 BE CB C0 40 00 00 00 42 00 00 00 42 00 00 00 80 00 00 00 1F 0F 10 AA 14 1F 51 04 71 07 78 02 00 00 43 BE CB C0 40 00 00 00 42 00 00 00 42 00 00 00 80 00 00 00 1F 0F 10
AA 14 1F 51 04 72 8F 38 02 00 00 43 BE CB C0 40 00 00 00 42 00 00 00 42 00 00 00 80 00 00 00 1F 0F 10 AA 14 1F 51 04 74 16 F8 02 00 00 43 BE CB C0 40 00 00 00 42 00 00 00 42 00 00 00 80 00 00 00 1F 0F 10
AA 14 1F 51 04 75 9E B8 02 00 00 43 BE CB C0 40 00 00 00 42 00 00 00 42 00 00 00 80 00 00 00 1F 0F 10 AA 14 1F 51 04 77 26 78 02 00 00 43 BE CB C0 40 00 00 00 42 00 00 00 42 00 00 00 80 00 00 00 1F 0F 10 AA 14 1F 51 04 78 AE 38 02 00 00 43 BE CB C0 40 00 00 00 42 00 00 00 42 00 00 00 80 00 00 00 1F 0F 10
AA 14 1F 51 04 7A 35 F8 02 00 00 43 BE CB C0 40 00 00 00 42 00 00 00 42 00 00 00 80 00 00 00 1F 0F 10 AA 14 1F 51 04 7B BD B0 02 00 00 43 BE CB C0 40 00 00 00 42 00 00 00 42 00 00 00 80 00 00 00 1F 0F 10 AA 14 1F 51 04 7D 45 70 02 00 00 43 BE CB C0 40 00 00 00 42 00 00 00 42 00 00 00 80 00 00 00 1F 0F 10
AA 14 1F 51 04 7E CD 38 02 00 00 43 BE CB C0 40 00 00 00 42 00 00 00 42 00 00 00 80 00 00 00 1F 0F 10 AA 14 1F 51 04 80 54 F8 02 00 00 43 BE CB C0 40 00 00 00 42 00 00 00 42 00 00 00 80 00 00 00 1F 0F 10
AA 14 1F 51 04 81 DC C0 02 00 00 43 BE CB C0 40 00 00 00 42 00 00 00 42 00 00 00 80 00 00 00 1F 0F 10 AA 14 1F 51 04 83 64 80 02 00 00 43 BE CB C0 40 00 00 00 42 00 00 00 42 00 00 00 80 00 00 00 1F 0F 10 AA 14 1F 51 04 84 EC 3C 02 00 00 43 BE 2F 80 40 00 00 00 42 00 00 00 42 00 00 00 80 00 00
00 1F 0F 10 AA 14 1F 51 04 86 73 F4 02 00 00 43 BE 2F 80 40 00 00 00 42 00 00 00 42 00 00 00 80 00 00 00 1F 0F 10 AA 14 1F 51 04 87 FB AC 02 00 00 43 BE 2F 80 40 00 00 00 42 00 00 00 42 00 00 00 80 00 00 00 1F 0F 10
AA 14 1F 51 04 89 83 64 02 00 00 43 BE 2F 80 40 00 00 00 42 00 00 00 42 00 00 00 80 00 00 00 1F 0F 10 AA 14 1F 51 04 8B 0B 20 02 00 00 43 BD 93 40 40 00 00 00 42 00 00 00 42 00 00 00 80 00 00 00 1F 0F 10
AA 14 1F 51 04 8C 92 E0 02 00 00 43 BD 93 40 40 00 00 00 42 00 00 00 42 00 00 00 80 00 00 00 1F 0F 10 AA 14 1F 51 04 8E 1A A0 02 00 00 43 BD 93 40 40 00 00 00 42 00 00 00 42 00 00 00 80 00 00 00 1F 0F 10 AA 14 1F 51 04 8F A2 60 02 00 00 43 BD 93 40 40 00 00 00 42 00 00 00 42 00 00 00 80 00 00 00 1F 0F 10
AA 14 1F 51 04 91 2A 20 02 00 00 43 BC F7 00 40 00 00 00 42 00 00 00 42 00 00 00 80 00 00 00 1F 0F 10 AA 14 1F 51 04 92 B1 E0 02 00 00 43 BC F7 00 40 00 00 00 42 00 00 00 42 00 00 00 80 00 00 00 1F 0F 10 AA 14 1F 51 04 94 39 9C 02 00 00 43 BC F7 00 40 00 00 00 42 00 00 00 42 00 00 00 80 00 00 00 1F 0F 10
AA 14 1F 51 04 95 C1 5C 02 00 00 43 BC F7 00 40 00 00 00 42 00 00 00 42 00 00 00 80 00 00 00 1F 0F 10 AA 14 1F 51 04 97 49 18 02 00 00 43 BC 5A C0 40 00 00 00 42 00 00 00 42 00 00 00 80 00 00 00 1F 0F 10
AA 14 1F 51 04 98 D0 D8 02 00 00 43 BC 5A C0 40 00 00 00 42 00 00 00 42 00 00 00 80 00 00 00 1F 0F 10 AA 14 1F 51 04 9A 58 A0 02 00 00 43 BC 5A C0 40 00 00 00 42 00 00 00 42 00 00 00 80 00 00 00 1F 0F 10 AA 14 1F 51 04 9B E0 60 02 00 00 43 BC 5A C0 40 00 00 00 42 00 00 00 42 00 00 00 80 00 00 00 1F 0F 10
AA 14 1F 51 04 9D 68 20 02 00 00 43 BC 5A C0 40 00 00 00 42 00 00 00 42 00 00 00 80 00 00 00 1F 0F 10 AA 14 1F 51 04 9E EF E0 02 00 00 43 BC 5A C0 40 00 00 00 42 00 00 00 42 00 00 00 80 00 00 00 1F 0F 10
AA 14 1F 51 04 A0 77 A0 02 00 00 43 BC 5A C0 40 00 00 00 42 00 00 00 42 00 00 00 80 00 00 00 1F 0F 10 AA 14 1F 51 04 A1 FF 60 02 00 00 43 BC 5A C0 40 00 00 00 42 00 00 00 42 00 00 00 80 00 00 00 1F 0F 10 AA 14 1F 51 04 A3 87 20 02 00 00 43 BC 5A C0 40 00 00 00 42 00 00 00 42 00 00 00 80 00 00 00 1F 0F 10
AA 14 1F 51 04 A5 0E E0 02 00 00 43 BC 5A C0 40 00 00 00 42 00 00 00 42 00 00 00 80 00 00 00 1F 0F 10 AA 14 1F 51 04 A6 96 A0 02 00 00 43 BC 5A C0 40 00 00 00 42 00 00 00 42 00 00 00 80 00 00 00 1F 0F 10
AA 14 1F 51 04 A8 1E 58 02 00 00 43 BC 5A C0 40 00 00 00 42 00 00 00 42 00 00 00 80 00 00 00 1F 0F 10 AA 14 1F 51 04 A9 A6 18 02 00 00 43 BC 5A C0 40 00 00 00 42 00 00 00 42 00 00 00 80 00 00 00 1F 0F 10 AA 14 1F 51 04 AB 2D D8 02 00 00 43 BC F7 00 40 00 00 00 42 00 00 00 42 00 00 00 80 00 00 00 1F 0F 10
AA 14 1F 51 04 AC B5 8C 02 00 00 43 BC F7 00 40 00 00 00 42 00 00 00 42 00 00 00 80 00 00 00 1F 0F 10 AA 14 1F 51 04 AE 3D 44 02 00 00 43 BC F7 00 40 00 00 00 42 00 00 00 42 00 00 00 80 00 00 00 1F 0F 10
AA 14 1F 51 04 AF C5 04 02 00 00 43 BC F7 00 40 00 00 00 42 00 00 00 42 00 00 00 80 00 00 00 1F 0F 10 AA 14 1F 51 04 B1 4C C8 02 00 00 43 BC F7 00 40 00 00 00 42 00 00 00 42 00 00 00 80 00 00 00 1F 0F 10 AA 14 1F 51 04 B2 D4 88 02 00 00 43 BC F7 00 40 00 00 00 42 00 00 00 42 00 00 00 80 00 00 00 1F 0F 10
AA 14 1F 51 04 B4 5C 50 02 00 00 43 BC F7 00 40 00 00 00 42 00 00 00 42 00 00 00 80 00 00 00 1F 0F 10 AA 14 1F 51 04 B5 E4 10 02 00 00 43 BC F7 00 40 00 00 00 42 00 00 00 42 00 00 00 80 00 00 00 1F 0F 10
AA 14 1F 51 04 B7 6B D0 02 00 00 43 BD 93 40 40 00 00 00 42 00 00 00 42 00 00 00 80 00 00 00 1F 0F 10 AA 14 1F 51 04 B8 F3 90 02 00 00 43 BD 93 40 40 00 00 00 42 00 00 00 42 00 00 00 80 00 00 00 1F 0F 10 AA 14 1F 51 04 BA 7B 50 02 00 00 43 BD 93 40 40 00 00 00 42 00 00 00 42 00 00 00 80 00 00 00 1F 0F 10
AA 14 1F 51 04 BC 03 10 02 00 00 43 BD 93 40 40 00 00 00 42 00 00 00 42 00 00 00 80 00 00 00 1F 0F 10 AA 14 1F 51 04 BD 8A D0 02 00 00 43 BD 93 40 40 00 00 00 42 00 00 00 42 00 00 00 80 00 00 00 1F 0F 10 AA 14 1F 51 04 BF 12 88 02 00 00 43 BD 93 40 40 00 00 00 42 00 00 00 42 00 00 00 80 00 00 00 1F 0F 10
AA 14 1F 51 04 C0 9A 48 02 00 00 43 BD 93 40 40 00 00 00 42 00 00 00 42 00 00 00 80 00 00 00 1F 0F 10 AA 14 1F 51 04 C2 22 08 02 00 00 43 BD 93 40 40 00 00 00 42 00 00 00 42 00 00 00 80 00 00 00 1F 0F 10
AA 14 1F 51 04 C3 A9 C8 02 00 00 43 BD 93 40 40 00 00 00 42 00 00 00 42 00 00 00 80 00 00 00 1F 0F 10 AA 14 1F 51 04 C5 31 80 02 00 00 43 BD 93 40 40 00 00 00 42 00 00 00 42 00 00 00 80 00 00 00 1F 0F 10
AA 14 1F 51 04 C6 B9 40 02 00 00 43 BD 93 40 40 00 00 00 42 00 00 00 42 00 00 00 80 00 00 00 1F 0F 10 AA 14 1F 51 04 C8 41 04 02 00 00 43 BC F7 00 40 00 00 00 42 00 00 00 42 00 00 00 80 00 00 00 1F 0F 10 AA 14 1F 51 04 C9 C8 C8 02 00 00 43 BC F7 00 40 00 00 00 42 00 00 00 42 00 00 00 80 00 00 00 1F 0F 10
AA 14 1F 51 04 CB 50 88 02 00 00 43 BC F7 00 40 00 00 00 42 00 00 00 42 00 00 00 80 00 00 00 1F 0F 10 AA 14 1F 51 04 CC D8 48 02 00 00 43 BC F7 00 40 00 00 00 42 00 00 00 42 00 00 00 80 00 00 00 1F 0F 10
AA 14 1F 51 04 CE 60 08 02 00 00 43 BC 5A C0 40 00 00 00 42 00 00 00 42 00 00 00 80 00 00 00 1F 0F 10 AA 14 1F 51 04 CF E7 C8 02 00 00 43 BC 5A C0 40 00 00 00 42 00 00 00 42 00 00 00 80 00 00 00 1F 0F 10 AA 14 1F 51 04 D1 6F 88 02 00 00 43 BC 5A C0 40 00 00 00 42 00 00 00 42 00 00 00 80 00 00 00 1F 0F 10
AA 14 1F 51 04 D2 F7 48 02 00 00 43 BC 5A C0 40 00 00 00 42 00 00 00 42 00 00 00 80 00 00 00 1F 0F 10 AA 14 1F 51 04 D4 7F 08 02 00 00 43 BC 5A C0 40 00 00 00 42 00 00 00 42 00 00 00 80 00 00 00 1F 0F 10 AA 14 1F 51 04 D6 06 C8 02 00 00 43 BB BE 80 40 00 00 00 42 00 00 00 42 00 00 00 80 00 00 00 1F 0F 10
AA 14 1F 51 04 D7 8E 88 02 00 00 43 BB BE 80 40 00 00 00 42 00 00 00 42 00 00 00 80 00 00 00 1F 0F 10 AA 14 1F 51 04 D9 16 40 02 00 00 43 BB BE 80 40 00 00 00 42 00 00 00 42 00 00 00 80 00 00 00 1F 0F 10
AA 14 1F 51 04 DA 9E 00 02 00 00 43 BB BE 80 40 00 00 00 42 00 00 00 42 00 00 00 80 00 00 00 1F 0F 10 AA 14 1F 51 04 DC 25 C0 02 00 00 43 BB BE 80 40 00 00 00 42 00 00 00 42 00 00 00 80 00 00 00 1F 0F 10 AA 14 1F 51 04 DD AD 78 02 00 00 43 BB 22 40 40 00 00 00 42 00 00 00 42 00 00 00 80 00 00 00 1F 0F 10
AA 14 1F 51 04 DF 35 40 02 00 00 43 BB 22 40 40 00 00 00 42 00 00 00 42 00 00 00 80 00 00 00 1F 0F 10 AA 14 1F 51 04 E0 BD 00 02 00 00 43 BB 22 40 40 00 00 00 42 00 00 00 42 00 00 00 80 00 00 00 1F 0F 10 AA 14 1F 51 04 E2 44 C4 02 00 00 43 BB 22 40 40 00 00 00 42 00 00 00 42 00 00 00 80 00 00 00 1F 0F 10
AA 14 1F 51 04 E3 CC 88 02 00 00 43 BB 22 40 40 00 00 00 42 00 00 00 42 00 00 00 80 00 00 00 1F 0F 10 AA 14 1F 51 04 E5 54 44 02 00 00 43 BB 22 40 40 00 00 00 42 00 00 00 42 00 00 00 80 00 00 00 1F 0F 10
AA 14 1F 51 04 E6 DC 08 02 00 00 43 BB 22 40 40 00 00 00 42 00 00 00 42 00 00 00 80 00 00 00 1F 0F 10 AA 14 1F 51 04 E8 63 C8 02 00 00 43 BB BE 80 40 00 00 00 42 00 00 00 42 00 00 00 80 00 00 00 1F 0F 10 AA 14 1F 51 04 E9 EB 88 02 00 00 43 BB BE 80 40 00 00 00 42 00 00 00 42 00 00 00 80 00 00 00 1F 0F 10
AA 14 1F 51 04 EB 73 48 02 00 00 43 BB BE 80 40 00 00 00 42 00 00 00 42 00 00 00 80 00 00 00 1F 0F 10 AA 14 1F 51 04 EC FB 08 02 00 00 43 BB BE 80 40 00 00 00 42 00 00 00 42 00 00 00 80 00 00 00 1F 0F 10
AA 14 1F 51 04 EE 82 C8 02 00 00 43 BB BE 80 40 00 00 00 42 00 00 00 42 00 00 00 80 00 00 00 1F 0F 10 AA 14 1F 51 04 F0 0A 88 02 00 00 43 BB BE 80 40 00 00 00 42 00 00 00 42 00 00 00 80 00 00 00 1F 0F 10 AA 14 1F 51 04 F1 92 40 02 00 00 43 BB BE 80 40 00 00 00 42 00 00 00 42 00 00 00 80 00 00 00 1F 0F 10
AA 14 1F 51 04 F3 1A 00 02 00 00 43 BB BE 80 40 00 00 00 42 00 00 00 42 00 00 00 80 00 00 00 1F 0F 10 AA 14 1F 51 04 F4 A1 C0 02 00 00 43 BB BE 80 40 00 00 00 42 00 00 00 42 00 00 00 80 00 00 00 1F 0F 10 AA 14 1F 51 04 F6 29 7C 02 00 00 43 BB BE 80 40 00 00 00 42 00 00 00 42 00 00 00 80 00 00 00 1F
0F 10 AA 14 1F 51 04 F7 B1 3C 02 00 00 43 BB BE 80 40 00 00 00 42 00 00 00 42 00 00 00 80 00 00 00 1F 0F 10 AA 14 1F 51 04 F9 38 FC 02 00 00 43 BB BE 80 40 00 00 00 42 00 00 00 42 00 00 00 80 00 00 00 1F 0F 10
AA 14 1F 51 04 FA C0 C0 02 00 00 43 BB BE 80 40 00 00 00 42 00 00 00 42 00 00 00 80 00 00 00 1F 0F 10 AA 14 1F 51 04 FC 48 88 02 00 00 43 BC 5A C0 40 00 00 00 42 00 00 00 42 00 00 00 80 00 00 00 1F 0F 10 AA 14 1F 51 04 FD D0 48 02 00 00 43 BC 5A C0 40 00 00 00 42 00 00 00 42 00 00 00 80 00 00 00 1F 0F 10
AA 14 1F 51 04 FF 58 08 02 00 00 43 BC 5A C0 40 00 00 00 42 00 00 00 42 00 00 00 80 00 00 00 1F 0F 10 AA 14 1F 51 05 00 DF C8 02 00 00 43 BC 5A C0 40 00 00 00 42 00 00 00 42 00 00 00 80 00 00 00 1F 0F 10
AA 14 1F 51 05 02 67 88 02 00 00 43 BC 5A C0 40 00 00 00 42 00 00 00 42 00 00 00 80 00 00 00 1F 0F 10 AA 14 1F 51 05 03 EF 48 02 00 00 43 BC 5A C0 40 00 00 00 42 00 00 00 42 00 00 00 80 00 00 00 1F 0F 10 AA 14 1F 51 05 05 77 08 02 00 00 43 BC 5A C0 40 00 00 00 42 00 00 00 42 00 00 00 80 00 00 00 1F 0F 10
AA 14 1F 51 05 06 FE C8 02 00 00 43 BB BE 80 40 00 00 00 42 00 00 00 42 00 00 00 80 00 00 00 1F 0F 10 AA 14 1F 51 05 08 86 88 02 00 00 43 BB BE 80 40 00 00 00 42 00 00 00 42 00 00 00 80 00 00 00 1F 0F 10
AA 14 1F 51 05 0A 0E 48 02 00 00 43 BB BE 80 40 00 00 00 42 00 00 00 42 00 00 00 80 00 00 00 1F 0F 10 AA 14 1F 51 05 0B 96 08 02 00 00 43 BB BE 80 40 00 00 00 42 00 00 00 42 00 00 00 80 00 00 00 1F 0F 10 AA 14 1F 51 05 0D 1D C8 02 00 00 43 BB BE 80 40 00 00 00 42 00 00 00 42 00 00 00 80 00 00 00 1F 0F 10
AA 14 1F 51 05 0E A5 84 02 00 00 43 BB BE 80 40 00 00 00 42 00 00 00 42 00 00 00 80 00 00 00 1F 0F 10 AA 14 1F 51 05 10 2D 40 02 00 00 43 BB 22 40 40 00 00 00 42 00 00 00 42 00 00 00 80 00 00 00 1F 0F 10 AA 14 1F 51 05 11 B5 00 02 00 00 43 BB 22 40 40 00 00 00 42 00 00 00 42 00 00 00 80 00 00 00 1F 0F 10
AA 14 1F 51 05 13 3C C4 02 00 00 43 BB 22 40 40 00 00 00 42 00 00 00 42 00 00 00 80 00 00 00 1F 0F 10 AA 14 1F 51 05 14 C4 88 02 00 00 43 BB 22 40 40 00 00 00 42 00 00 00 42 00 00 00 80 00 00 00 1F 0F 10 AA 14 1F 51 05 16 4C 44 02 00 00 43 BA 86 00 40 00 00 00 42 00 00 00 42 00 00 00 80 00 00 00 1F 0F 10
AA 14 1F 51 05 17 D3 FC 02 00 00 43 BA 86 00 40 00 00 00 42 00 00 00 42 00 00 00 80 00 00 00 1F 0F 10 AA 14 1F 51 05 19 5B B4 02 00 00 43 BA 86 00 40 00 00 00 42 00 00 00 42 00 00 00 80 00 00 00 1F 0F 10 AA 14 1F 51 05 1A E3 6C 02 00 00 43 BA 86 00 40 00 00 00 42 00 00 00 42 00 00 00 80 00 00 00 1F 0F 10
AA 14 1F 51 05 1C 6B 24 02 00 00 43 B9 E9 C0 40 00 00 00 42 00 00 00 42 00 00 00 80 00 00 00 1F 0F 10 AA 14 1F 51 05 1D F2 DC 02 00 00 43 B9 E9 C0 40 00 00 00 42 00 00 00 42 00 00 00 80 00 00 00 1F 0F 10 AA 14 1F 51 05 1F 7A 94 02 00 00 43 B9 E9 C0 40 00 00 00 42 00 00 00 42 00 00 00 80 00 00 00 1F 0F 10
AA 14 1F 51 05 21 02 4C 02 00 00 43 B9 E9 C0 40 00 00 00 42 00 00 00 42 00 00 00 80 00 00 00 1F 0F 10 AA 14 1F 51 05 22 8A 04 02 00 00 43 B9 E9 C0 40 00 00 00 42 00 00 00 42 00 00 00 80 00 00 00 1F 0F 10
AA 14 1F 51 05 24 11 BC 02 00 00 43 B9 E9 C0 40 00 00 00 42 00 00 00 42 00 00 00 80 00 00 00 1F 0F 10 AA 14 1F 51 05 25 99 70 02 00 00 43 B9 E9 C0 40 00 00 00 42 00 00 00 42 00 00 00 80 00 00 00 1F 0F 10 AA 14 1F 51 05 27 21 28 02 00 00 43 B9 E9 C0 40 00 00 00 42 00 00 00 42 00 00 00 80 00 00 00 1F 0F 10
AA 14 1F 51 05 28 A8 E0 02 00 00 43 B9 E9 C0 40 00 00 00 42 00 00 00 42 00 00 00 80 00 00 00 1F 0F 10 AA 14 1F 51 05 2A 30 9C 02 00 00 43 B9 E9 C0 40 00 00 00 42 00 00 00 42 00 00 00 80 00 00 00 1F 0F 10
AA 14 1F 51 05 2B B8 5C 02 00 00 43 B9 E9 C0 40 00 00 00 42 00 00 00 42 00 00 00 80 00 00 00 1F 0F 10 AA 14 1F 51 05 2D 40 14 02 00 00 43 B9 E9 C0 40 00 00 00 42 00 00 00 42 00 00 00 80 00 00 00 1F 0F 10 AA 14 1F 51 05 2E C7 CC 02 00 00 43 B9 E9 C0 40 00 00 00 42 00 00 00 42 00 00 00 80 00 00 00 1F 0F 10
AA 14 1F 51 05 30 4F 84 02 00 00 43 B9 E9 C0 40 00 00 00 42 00 00 00 42 00 00 00 80 00 00 00 1F 0F 10 AA 14 1F 51 05 31 D7 3C 02 00 00 43 BA 86 00 40 00 00 00 42 00 00 00 42 00 00 00 80 00 00 00 1F 0F 10
AA 14 1F 51 05 33 5E F4 02 00 00 43 BA 86 00 40 00 00 00 42 00 00 00 42 00 00 00 80 00 00 00 1F 0F 10 AA 14 1F 51 05 34 E6 AC 02 00 00 43 BA 86 00 40 00 00 00 42 00 00 00 42 00 00 00 80 00 00 00 1F 0F 10 AA 14 1F 51 05 36 6E 64 02 00 00
43 BA 86 00 40 00 00 00 42 00 00 00 42 00 00 00 80 00 00 00 1F 0F 10 AA 14 1F 51 05 37 F6 1C 02 00 00 43 BA 86 00 40 00 00 00 42 00 00 00 42 00 00 00 80 00 00 00 1F 0F 10 AA 14 1F 51 05 39 7D D4 02 00 00 43 BA 86 00 40 00 00 00 42 00 00 00 42 00 00 00 80 00 00 00 1F 0F 10
AA 14 1F 51 05 3B 05 88 02 00 00 43 BB 22 40 40 00 00 00 42 00 00 00 42 00 00 00 80 00 00 00 1F 0F 10 AA 14 1F 51 05 3C 8D 40 02 00 00 43 BB 22 40 40 00 00 00 42 00 00 00 42 00 00 00 80 00 00 00 1F 0F 10 AA 14 1F 51 05 3E 15 00 02 00 00 43 BB 22 40 40 00 00 00 42 00 00 00 42 00 00 00 80 00 00 00 1F 0F 10
AA 14 1F 51 05 3F 9C C4 02 00 00 43 BB 22 40 40 00 00 00 42 00 00 00 42 00 00 00 80 00 00 00 1F 0F 10 AA 14 1F 51 05 41 24 88 02 00 00 43 BB 22 40 40 00 00 00 42 00 00 00 42 00 00 00 80 00 00 00 1F 0F 10
AA 14 1F 51 05 42 AC 44 02 00 00 43 BB 22 40 40 00 00 00 42 00 00 00 42 00 00 00 80 00 00 00 1F 0F 10 AA 14 1F 51 05 44 33 FC 02 00 00 43 BB 22 40 40 00 00 00 42 00 00 00 42 00 00 00 80 00 00 00 1F 0F 10 AA 14 1F 51 05 45 BB BC 02 00 00 43 BB 22 40 40 00 00 00 42 00 00 00 42 00 00 00 80 00 00 00 1F 0F 10
AA 14 1F 51 05 47 43 7C 02 00 00 43 BB 22 40 40 00 00 00 42 00 00 00 42 00 00 00 80 00 00 00 1F 0F 10 AA 14 1F 51 05 48 CB 38 02 00 00 43 BB 22 40 40 00 00 00 42 00 00 00 42 00 00 00 80 00 00 00 1F 0F 10 AA 14 1F 51 05 4A 52 F0 02 00 00 43 BB 22 40 40 00 00 00 42 00 00 00 42 00 00 00 80 00 00 00 1F 0F 10
AA 14 1F 51 05 4B DA B0 02 00 00 43 BB 22 40 40 00 00 00 42 00 00 00 42 00 00 00 80 00 00 00 1F 0F 10 AA 14 1F 51 05 4D 62 6C 02 00 00 43 BB 22 40 40 00 00 00 42 00 00 00 42 00 00 00 80 00 00 00 1F 0F 10
AA 14 1F 51 05 4E EA 30 02 00 00 43 BB 22 40 40 00 00 00 42 00 00 00 42 00 00 00 80 00 00 00 1F 0F 10 AA 14 1F 51 05 50 71 E8 02 00 00 43 BB 22 40 40 00 00 00 42 00 00 00 42 00 00 00 80 00 00 00 1F 0F 10 AA 14 1F 51 05 51 F9 98 02 00 00 43 BB 22 40 40 00 00 00 42 00 00 00 42 00 00 00 80 00 00 00 1F 0F 10
AA 14 1F 51 05 53 81 58 02 00 00 43 BB 22 40 40 00 00 00 42 00 00 00 42 00 00 00 80 00 00 00 1F 0F 10 AA 14 1F 51 05 55 09 18 02 00 00 43 BB 22 40 40 00 00 00 42 00 00 00 42 00 00 00 80 00 00 00 1F 0F 10
AA 14 1F 51 05 56 90 D8 02 00 00 43 BB 22 40 40 00 00 00 42 00 00 00 42 00 00 00 80 00 00 00 1F 0F 10 AA 14 1F 51 05 58 18 9C 02 00 00 43 BA 86 00 40 00 00 00 42 00 00 00 42 00 00 00 80 00 00 00 1F 0F 10 AA 14 1F 51 05 59 A0 5C 02 00 00 43 BA 86 00 40 00 00 00 42 00 00 00 42 00 00 00 80 00 00 00 1F 0F 10
AA 14 1F 51 05 5B 28 14 02 00 00 43 BA 86 00 40 00 00 00 42 00 00 00 42 00 00 00 80 00 00 00 1F 0F 10 AA 14 1F 51 05 5C AF CC 02 00 00 43 BA 86 00 40 00 00 00 42 00 00 00 42 00 00 00 80 00 00 00 1F 0F 10
AA 14 1F 51 05 5E 37 84 02 00 00 43 BA 86 00 40 00 00 00 42 00 00 00 42 00 00 00 80 00 00 00 1F 0F 10 AA 14 1F 51 05 5F BF 3C 02 00 00 43 BA 86 00 40 00 00 00 42 00 00 00 42 00 00 00 80 00 00 00 1F 0F 10 AA 14 1F 51 05 61 46 F4 02 00 00 43 BA 86 00 40 00 00 00 42 00 00 00 42 00 00 00 80 00 00 00 1F 0F 10
AA 14 1F 51 05 62 CE AC 02 00 00 43 B9 E9 C0 40 00 00 00 42 00 00 00 42 00 00 00 80 00 00 00 1F 0F 10 AA 14 1F 51 05 64 56 64 02 00 00 43 B9 E9 C0 40 00 00 00 42 00 00 00 42 00 00 00 80 00 00 00 1F 0F 10
AA 14 1F 51 05 65 DE 1C 02 00 00 43 B9 E9 C0 40 00 00 00 42 00 00 00 42 00 00 00 80 00 00 00 1F 0F 10 AA 14 1F 51 05 67 65 D4 02 00 00 43 BA 86 00 40 00 00 00 42 00 00 00 42 00 00 00 80 00 00 00 1F 0F 10 AA 14 1F 51 05 68 ED 84 02 00 00 43 BA 86 00 40 00 00 00 42 00 00 00 42 00 00 00 80 00 00 00 1F 0F 10
AA 14 1F 51 05 6A 75 3C 02 00 00 43 BA 86 00 40 00 00 00 42 00 00 00 42 00 00 00 80 00 00 00 1F 0F 10 AA 14 1F 51 05 6B FC F4 02 00 00 43 BA 86 00 40 00 00 00 42 00 00 00 42 00 00 00 80 00 00 00 1F 0F 10 AA 14 1F 51 05 6D 84 B4 02 00 00 43 BA 86 00 40 00 00 00 42 00 00 00 42 00 00 00 80 00 00 00 1F 0F 10
AA 14 1F 51 05 6F 0C 74 02 00 00 43 BA 86 00 40 00 00 00 42 00 00 00 42 00 00 00 80 00 00 00 1F 0F 10 AA 14 1F 51 05 70 94 34 02 00 00 43 BA 86 00 40 00 00 00 42 00 00 00 42 00 00 00 80 00 00 00 1F 0F 10 AA 14 1F 51 05 72 1B EC 02 00 00 43 BB 22 40 40 00 00 00 42 00 00 00 42 00 00 00 80 00 00 00 1F 0F 10
AA 14 1F 51 05 73 A3 B0 02 00 00 43 BB 22 40 40 00 00 00 42 00 00 00 42 00 00 00 80 00 00 00 1F 0F 10 AA 14 1F 51 05 75 2B 6C 02 00 00 43 BB 22 40 40 00 00 00 42 00 00 00 42 00 00 00 80 00 00 00 1F 0F 10
AA 14 1F 51 05 76 B3 30 02 00 00 43 BB 22 40 40 00 00 00 42 00 00 00 42 00 00 00 80 00 00 00 1F 0F 10 AA 14 1F 51 05 78 3A E4 02 00 00 43 BB 22 40 40 00 00 00 42 00 00 00 42 00 00 00 80 00 00 00 1F 0F 10 AA 14 1F 51 05 79 C2 A8 02 00 00 43 BB 22 40 40 00 00 00 42 00 00 00 42 00 00 00 80 00 00 00 1F 0F 10
AA 14 1F 51 05 7B 4A 68 02 00 00 43 BB BE 80 40 00 00 00 42 00 00 00 42 00 00 00 80 00 00 00 1F 0F 10 AA 14 1F 51 05 7C D2 28 02 00 00 43 BB BE 80 40 00 00 00 42 00 00 00 42 00 00 00 80 00 00 00 1F 0F 10 AA 14 1F 51 05 7E 59 E0 02 00 00 43 BB BE 80 40 00 00 00 42 00 00 00 42 00 00 00 80 00 00 00 1F 0F 10
AA 14 1F 51 05 7F E1 94 02 00 00 43 BB BE 80 40 00 00 00 42 00 00 00 42 00 00 00 80 00 00 00 1F 0F 10 AA 14 1F 51 05 81 69 54 02 00 00 43 BB BE 80 40 00 00 00 42 00 00 00 42 00 00 00 80 00 00 00 1F 0F 10
AA 14 1F 51 05 82 F1 14 02 00 00 43 BB BE 80 40 00 00 00 42 00 00 00 42 00 00 00 80 00 00 00 1F 0F 10 AA 14 1F 51 05 84 78 D0 02 00 00 43 BC 5A C0 40 00 00 00 42 00 00 00 42 00 00 00 80 00 00 00 1F 0F 10 AA 14 1F 51 05 86 00 90 02 00
00 43 BC 5A C0 40 00 00 00 42 00 00 00 42 00 00 00 80 00 00 00 1F 0F 10 AA 14 1F 51 05 87 88 50 02 00 00 43 BC 5A C0 40 00 00 00 42 00 00 00 42 00 00 00 80 00 00 00 1F 0F 10 AA 14 1F 51 05 89 10 10 02 00 00 43 BC 5A C0 40 00 00 00 42 00 00 00 42 00 00 00 80 00 00 00 1F 0F 10
AA 14 1F 51 05 8A 97 D0 02 00 00 43 BC 5A C0 40 00 00 00 42 00 00 00 42 00 00 00 80 00 00 00 1F 0F 10 AA 14 1F 51 05 8C 1F 88 02 00 00 43 BC 5A C0 40 00 00 00 42 00 00 00 42 00 00 00 80 00 00 00 1F 0F 10 AA 14 1F 51 05 8D A7 40 02 00 00 43 BC 5A C0 40 00 00 00 42 00 00 00 42 00 00 00 80 00 00 00 1F 0F 10
AA 14 1F 51 05 8F 2E F8 02 00 00 43 BB BE 80 40 00 00 00 42 00 00 00 42 00 00 00 80 00 00 00 1F 0F 10 AA 14 1F 51 05 90 B6 B8 02 00 00 43 BB BE 80 40 00 00 00 42 00 00 00 42 00 00 00 80 00 00 00 1F 0F 10
AA 14 1F 51 05 92 3E 78 02 00 00 43 BB BE 80 40 00 00 00 42 00 00 00 42 00 00 00 80 00 00 00 1F 0F 10 AA 14 1F 51 05 93 C6 30 02 00 00 43 BB BE 80 40 00 00 00 42 00 00 00 42 00 00 00 80 00 00 00 1F 0F 10 AA 14 1F 51 05 95 4D EC 02 00 00 43 BB 22 40 40 00 00 00 42 00 00 00 42 00 00 00 80 00 00 00 1F 0F 10
AA 14 1F 51 05 96 D5 A8 02 00 00 43 BB 22 40 40 00 00 00 42 00 00 00 42 00 00 00 80 00 00 00 1F 0F 10 AA 14 1F 51 05 98 5D 68 02 00 00 43 BB 22 40 40 00 00 00 42 00 00 00 42 00 00 00 80 00 00 00 1F 0F 10 AA 14 1F 51 05 99 E5 28 02 00 00 43 BB 22 40 40 00 00 00 42 00 00 00 42 00 00 00 80 00 00 00 1F 0F 10
AA 14 1F 51 05 9B 6C E8 02 00 00 43 BB 22 40 40 00 00 00 42 00 00 00 42 00 00 00 80 00 00 00 1F 0F 10 AA 14 1F 51 05 9C F4 AC 02 00 00 43 BA 86 00 40 00 00 00 42 00 00 00 42 00 00 00 80 00 00 00 1F 0F 10
AA 14 1F 51 05 9E 7C 6C 02 00 00 43 BA 86 00 40 00 00 00 42 00 00 00 42 00 00 00 80 00 00 00 1F 0F 10 AA 14 1F 51 05 A0 04 2C 02 00 00 43 BA 86 00 40 00 00 00 42 00 00 00 42 00 00 00 80 00 00 00 1F 0F 10 AA 14 1F 51 05 A1 8B E4 02 00 00 43 BA 86 00 40 00 00 00 42 00 00 00 42 00 00 00 80 00 00 00 1F 0F 10
AA 14 1F 51 05 A3 13 9C 02 00 00 43 BA 86 00 40 00 00 00 42 00 00 00 42 00 00 00 80 00 00 00 1F 0F 10 AA 14 1F 51 05 A4 9B 54 02 00 00 43 B9 E9 C0 40 00 00 00 42 00 00 00 42 00 00 00 80 00 00 00 1F 0F 10 AA 14 1F 51 05 A6 23 0C 02 00 00 43 B9 E9 C0 40 00 00 00 42 00 00 00 42 00 00 00 80 00 00 00
1F 0F 10 AA 14 1F 51 05 A7 AA C4 02 00 00 43 B9 E9 C0 40 00 00 00 42 00 00 00 42 00 00 00 80 00 00 00 1F 0F 10 AA 14 1F 51 05 A9 32 7C 02 00 00 43 B9 E9 C0 40 00 00 00 42 00 00 00 42 00 00 00 80 00 00 00 1F 0F 10
AA 14 1F 51 05 AA BA 34 02 00 00 43 B9 E9 C0 40 00 00 00 42 00 00 00 42 00 00 00 80 00 00 00 1F 0F 10 AA 14 1F 51 05 AC 41 EC 02 00 00 43 B9 E9 C0 40 00 00 00 42 00 00 00 42 00 00 00 80 00 00 00 1F 0F 10 AA 14 1F 51 05 AD C9 A0 02 00 00 43 B9 E9 C0 40 00 00 00 42 00 00 00 42 00 00 00 80 00 00 00 1F 0F 10
AA 14 1F 51 05 AF 51 58 02 00 00 43 B9 E9 C0 40 00 00 00 42 00 00 00 42 00 00 00 80 00 00 00 1F 0F 10 AA 14 1F 51 05 B0 D9 10 02 00 00 43 B9 E9 C0 40 00 00 00 42 00 00 00 42 00 00 00 80 00 00 00 1F 0F 10
AA 14 1F 51 05 B2 60 C8 02 00 00 43 B9 E9 C0 40 00 00 00 42 00 00 00 42 00 00 00 80 00 00 00 1F 0F 10 AA 14 1F 51 05 B3 E8 84 02 00 00 43 B9 E9 C0 40 00 00 00 42 00 00 00 42 00 00 00 80 00 00 00 1F 0F 10 AA 14 1F 51 05 B5 70 44 02 00 00 43 B9 E9 C0 40 00 00 00 42 00 00 00 42 00 00 00 80 00 00 00 1F 0F 10
AA 14 1F 51 05 B6 F7 FC 02 00 00 43 BA 86 00 40 00 00 00 42 00 00 00 42 00 00 00 80 00 00 00 1F 0F 10 AA 14 1F 51 05 B8 7F B4 02 00 00 43 BA 86 00 40 00 00 00 42 00 00 00 42 00 00 00 80 00 00 00 1F 0F 10
AA 14 1F 51 05 BA 07 6C 02 00 00 43 BA 86 00 40 00 00 00 42 00 00 00 42 00 00 00 80 00 00 00 1F 0F 10 AA 14 1F 51 05 BB 8F 24 02 00 00 43 BA 86 00 40 00 00 00 42 00 00 00 42 00 00 00 80 00 00 00 1F 0F 10 AA 14 1F 51 05 BD 16 DC 02 00 00 43 BA 86 00 40 00 00 00 42 00 00 00 42 00 00 00 80 00 00 00 1F 0F 10
AA 14 1F 51 05 BE 9E 94 02 00 00 43 BA 86 00 40 00 00 00 42 00 00 00 42 00 00 00 80 00 00 00 1F 0F 10 AA 14 1F 51 05 C0 26 4C 02 00 00 43 BA 86 00 40 00 00 00 42 00 00 00 42 00 00 00 80 00 00 00 1F 0F 10 AA 14 1F 51 05 C1 AE 04 02 00 00 43 BA 86 00 40 00 00 00 42 00 00 00 42 00 00 00 80 00 00 00 1F 0F 10
AA 14 1F 51 05 C3 35 BC 02 00 00 43 BA 86 00 40 00 00 00 42 00 00 00 42 00 00 00 80 00 00 00 1F 0F 10 AA 14 1F 51 05 C4 BD 6C 02 00 00 43 BA 86 00 40 00 00 00 42 00 00 00 42 00 00 00 80 00 00 00 1F 0F 10 AA 14 02 10 04
